{"radii": [0.11, 0.12, 0.13, 0.14, 0.15, 0.16, 0.17, 0.18, 0.19, 0.2, 0.21, 0.22, 0.23, 0.24, 0.25, 0.26, 0.27, 0.28, 0.29, 0.3, 0.31, 0.32, 0.33, 0.34, 0.35, 0.36, 0.37, 0.38, 0.39, 0.4, 0.41, 0.42, 0.43, 0.44, 0.45, 0.46], "structure_url": "https://doi.org/10.17188/1267079", "code": 20624, "international": "mn2_1", "radii_to_do": [0.25], "run_FA": true, "has_gap": true, "featured": false, "gap_threshold_radii": [0.18], "has_gaps_of_size": [3.6213486427336035], "_structure(old)": "oP4-OSn", "CN": [3], "num_jobs": 67, "image_keys": {"16": [[0, 0], [0, 90], [45, 45], [90, 0]]}, "common_name": "Tin Oxide (HP)", "colors_to_do": [16], "wyckoff_positions": ["a"], "min_connection_radius": 0.27793205049836844, "omega_stars": [0.5669547825410248], "_id(old)": "043f37606a1efca54d553f6b59fc8de1", "sg_number": 31, "pointgroup": "mm2", "code_source": "ICSD", "fill_fraction": [0.020942, 0.027224, 0.034619, 0.043277, 0.053221, 0.064525, 0.077386, 0.09186, 0.108037, 0.126016, 0.145873, 0.167726, 0.191645, 0.217763, 0.246113, 0.276858, 0.310018, 0.345744, 0.383169, 0.420344, 0.458857, 0.497473, 0.536534, 0.576214, 0.61486, 0.653191, 0.690607, 0.727462, 0.763696, 0.798812, 0.832932, 0.865633, 0.897139, 0.9269, 0.950451, 0.970075], "has_gaps_above_band": [16], "has_gaps_at": [[14, 16]], "IBZ_sphericity": 0.5194064847439441, "site_symmetries": ["m"], "photonics_url": "New", "fix_name": false, "connection_radius": 0.49, "clusters": [[], [], [], [], [], [], [], [0.25, 0.2, 0.2, 0.2], [0.27586206896551724, 0.20689655172413793, 0.20689655172413793, 0.1724137931034483], [0.2391304347826087, 0.21739130434782608, 0.17391304347826086, 0.15217391304347827, 0.08695652173913043, 0.06521739130434782, 0.06521739130434782], [0.2463768115942029, 0.2028985507246377, 0.18840579710144928, 0.15942028985507245, 0.07246376811594203, 0.07246376811594203, 0.057971014492753624], [0.26136363636363635, 0.18181818181818182, 0.18181818181818182, 0.1590909090909091, 0.07954545454545454, 0.07954545454545454, 0.056818181818181816], [0.27358490566037735, 0.18867924528301888, 0.16037735849056603, 0.1509433962264151, 0.08490566037735849, 0.07547169811320754, 0.0660377358490566], [0.2556390977443609, 0.18045112781954886, 0.16541353383458646, 0.15789473684210525, 0.09022556390977443, 0.07518796992481203, 0.07518796992481203], [0.23391812865497075, 0.1695906432748538, 0.1695906432748538, 0.1695906432748538, 0.08771929824561403, 0.08771929824561403, 0.08187134502923976], [0.2488479262672811, 0.17511520737327188, 0.16129032258064516, 0.15207373271889402, 0.0967741935483871, 0.09216589861751152, 0.07373271889400922], [0.2490974729241877, 0.16967509025270758, 0.1588447653429603, 0.15162454873646208, 0.09386281588447654, 0.09025270758122744, 0.08664259927797834], [0.2601880877742947, 0.15987460815047022, 0.1536050156739812, 0.1536050156739812, 0.09404388714733543, 0.09090909090909091, 0.0877742946708464], [0.3370473537604457, 0.25069637883008355, 0.1615598885793872, 0.1532033426183844, 0.09749303621169916], [0.34459459459459457, 0.25, 0.1554054054054054, 0.15315315315315314, 0.09684684684684684], [0.33840304182509506, 0.25285171102661597, 0.155893536121673, 0.155893536121673, 0.09695817490494296], [0.34219269102990035, 0.24750830564784054, 0.15614617940199335, 0.15282392026578073, 0.10132890365448505], [0.3524962178517398, 0.24205748865355523, 0.1573373676248109, 0.14523449319213314, 0.10287443267776097], [0.3448275862068966, 0.24005305039787797, 0.15915119363395225, 0.15119363395225463, 0.10477453580901856], [0.34, 0.23647058823529413, 0.1588235294117647, 0.1564705882352941, 0.10705882352941176], [0.4503171247357294, 0.3150105708245243, 0.22832980972515857, 0.005285412262156448], [0.6619183285849952, 0.3247863247863248, 0.00949667616334283, 0.003798670465337132], [0.6463944396177237, 0.3370981754995656, 0.010425716768027803, 0.006081668114682885], [0.6328810853950518, 0.34397446129289705, 0.013567438148443736, 0.009577015163607342], [0.6364963503649635, 0.3467153284671533, 0.013138686131386862, 0.00291970802919708], [0.628032345013477, 0.3557951482479784, 0.016172506738544475], [0.6139162561576355, 0.3842364532019704, 0.0018472906403940886], [0.6055204140310523, 0.3927544565842438, 0.0017251293847038527], [0.5939849624060151, 0.40601503759398494], [0.5816993464052288, 0.41830065359477125], [0.569078947368421, 0.4309210526315789], [0.5590868397493286, 0.44091316025067145], [0.5497448979591837, 0.4502551020408163], [0.53836784409257, 0.46163215590742995], [0.5311894614490508, 0.46881053855094923], [0.5223214285714286, 0.47767857142857145], [0.5122126436781609, 0.48778735632183906], [0.5048712595685456, 0.49512874043145444], [0.5006811989100818, 0.4993188010899183], [0.5090311986863711, 0.4909688013136289], [0.5144398603617899, 0.4855601396382101], [0.5202222908305032, 0.47977770916949675], [0.5267427884615384, 0.47325721153846156], [1.0]], "connection_phi": 0.996759, "connection_radii": [[0.2, 0.25, 0.3, 0.35, 0.4, 0.45, 0.5, 0.55, 0.6, 0.65, 0.7, 0.75, 0.8, 0.85, 0.9, 0.95], [0.08, 0.18, 0.19, 0.26, 0.26, 0.26, 0.27, 0.49, 0.49, 0.49, 0.49, 0.49, 0.49, 0.49, 0.49, 0.49]], "min_connection_phi": 0.345744, "proportion_of_high_eps_in_largest_cluster": [0.0, 0.0, 0.0, 0.0, 0.0, 0.0, 0.0, 0.25, 0.27586206896551724, 0.2391304347826087, 0.2463768115942029, 0.26136363636363635, 0.27358490566037735, 0.2556390977443609, 0.23391812865497075, 0.2488479262672811, 0.2490974729241877, 0.2601880877742947, 0.3370473537604457, 0.34459459459459457, 0.33840304182509506, 0.34219269102990035, 0.3524962178517398, 0.3448275862068966, 0.34, 0.4503171247357294, 0.6619183285849952, 0.6463944396177237, 0.6328810853950518, 0.6364963503649635, 0.628032345013477, 0.6139162561576355, 0.6055204140310523, 0.5939849624060151, 0.5816993464052288, 0.569078947368421, 0.5590868397493286, 0.5497448979591837, 0.53836784409257, 0.5311894614490508, 0.5223214285714286, 0.5122126436781609, 0.5048712595685456, 0.5006811989100818, 0.5090311986863711, 0.5144398603617899, 0.5202222908305032, 0.5267427884615384, 1.0], "not_tags": ["chiral", "diamond_derivative", "gap_optimized_when_high_eps_connected", "gap_optimized_when_high_eps_touching"], "tags": ["gap_optimized_when_high_eps_disconnected", "gap_optimized_when_high_eps_not_touching"], "void_connection_phi": 0.0, "kp_labels": ["GAMMA", "X", "S", "Y", "GAMMA", "Z", "U", "R", "T", "Z", "X", "U", "Y", "T", "S", "R"], "kpoints": [[0.0, 0.0, 0.0], [0.5, 0.0, 0.0], [0.5, 0.5, 0.0], [0.0, 0.5, 0.0], [0.0, 0.0, 0.0], [0.0, 0.0, 0.5], [0.5, 0.0, 0.5], [0.5, 0.5, 0.5], [0.0, 0.5, 0.5], [0.0, 0.0, 0.5], [0.5, 0.0, 0.0], [0.5, 0.0, 0.5], [0.0, 0.5, 0.0], [0.0, 0.5, 0.5], [0.5, 0.5, 0.0], [0.5, 0.5, 0.5]], "bz_approved": true, "ready": true, "pdos_stored": true}