[[1.0], [1.0], [1.0], [1.0], [1.0], [1.0], [1.0], [0.9994855143712985, 2.2866027942286144e-05, 2.2866027942286144e-05, 2.2866027942286144e-05, 2.2866027942286144e-05, 2.2866027942286144e-05, 2.2866027942286144e-05, 2.2866027942286144e-05, 2.2866027942286144e-05, 2.2866027942286144e-05, 2.2866027942286144e-05, 2.2866027942286144e-05, 2.2866027942286144e-05, 2.2866027942286144e-05, 2.2866027942286144e-05, 1.1433013971143072e-05, 1.1433013971143072e-05, 1.1433013971143072e-05, 1.1433013971143072e-05, 1.1433013971143072e-05, 1.1433013971143072e-05, 1.1433013971143072e-05, 1.1433013971143072e-05, 1.1433013971143072e-05, 1.1433013971143072e-05, 1.1433013971143072e-05, 1.1433013971143072e-05, 1.1433013971143072e-05, 1.1433013971143072e-05, 1.1433013971143072e-05, 1.1433013971143072e-05, 5.716506985571536e-06, 5.716506985571536e-06], [1.0], [0.998788012340238, 0.00019832525341560158, 0.00019832525341560158, 0.00011018069634200089, 6.610841780520052e-05, 6.610841780520052e-05, 2.938151902453357e-05, 2.938151902453357e-05, 2.938151902453357e-05, 2.938151902453357e-05, 2.938151902453357e-05, 2.938151902453357e-05, 2.938151902453357e-05, 2.938151902453357e-05, 2.938151902453357e-05, 2.938151902453357e-05, 2.938151902453357e-05, 2.938151902453357e-05, 2.938151902453357e-05, 2.938151902453357e-05, 2.938151902453357e-05, 2.938151902453357e-05, 2.2036139268400178e-05, 2.2036139268400178e-05, 1.4690759512266785e-05, 1.4690759512266785e-05, 1.4690759512266785e-05, 1.4690759512266785e-05], [0.4928325167846126, 0.2646690090892595, 0.2334422064960987, 0.000965012124511308, 0.0008907804226258228, 0.0005031259794460666, 0.0004866300456937365, 0.0004866300456937365, 0.0004618861450652414, 0.0004618861450652414, 0.0004288942775605813, 0.0004206463106844163, 0.0004206463106844163, 0.0004041503769320862, 0.0004041503769320862, 0.0003959024100559212, 0.0003959024100559212, 0.00014021543689480542, 0.00012371950314247538, 0.00012371950314247538, 0.00012371950314247538, 0.00012371950314247538, 0.00012371950314247538, 0.00012371950314247538, 0.00012371950314247538, 0.00012371950314247538, 6.598373500932021e-05, 6.598373500932021e-05, 5.7735768133155175e-05, 5.7735768133155175e-05, 5.7735768133155175e-05, 5.7735768133155175e-05, 5.7735768133155175e-05, 5.7735768133155175e-05, 5.7735768133155175e-05, 5.7735768133155175e-05, 4.123983438082513e-05, 1.6495933752330052e-05, 1.6495933752330052e-05, 1.6495933752330052e-05, 1.6495933752330052e-05, 1.6495933752330052e-05, 1.6495933752330052e-05, 1.6495933752330052e-05, 1.6495933752330052e-05, 8.247966876165026e-06, 8.247966876165026e-06, 8.247966876165026e-06, 8.247966876165026e-06], [0.49879200923121303, 0.26655127650367805, 0.23367409490840907, 4.5074282417423915e-05, 2.7044569450454348e-05, 2.7044569450454348e-05, 2.7044569450454348e-05, 2.7044569450454348e-05, 2.7044569450454348e-05, 2.7044569450454348e-05, 2.7044569450454348e-05, 2.7044569450454348e-05, 2.7044569450454348e-05, 2.7044569450454348e-05, 2.7044569450454348e-05, 2.7044569450454348e-05, 2.7044569450454348e-05, 2.7044569450454348e-05, 1.8029712966969567e-05, 1.8029712966969567e-05, 1.8029712966969567e-05, 1.8029712966969567e-05, 1.8029712966969567e-05, 1.8029712966969567e-05, 1.8029712966969567e-05, 1.8029712966969567e-05, 1.8029712966969567e-05, 1.8029712966969567e-05, 1.8029712966969567e-05, 1.8029712966969567e-05, 1.8029712966969567e-05, 1.8029712966969567e-05, 1.8029712966969567e-05, 1.8029712966969567e-05, 1.8029712966969567e-05, 1.8029712966969567e-05, 1.8029712966969567e-05, 1.8029712966969567e-05, 9.014856483484784e-06, 9.014856483484784e-06, 9.014856483484784e-06, 9.014856483484784e-06, 9.014856483484784e-06, 9.014856483484784e-06, 9.014856483484784e-06, 9.014856483484784e-06, 9.014856483484784e-06, 9.014856483484784e-06, 9.014856483484784e-06, 9.014856483484784e-06, 9.014856483484784e-06, 9.014856483484784e-06, 9.014856483484784e-06, 9.014856483484784e-06, 9.014856483484784e-06, 9.014856483484784e-06, 9.014856483484784e-06, 9.014856483484784e-06, 9.014856483484784e-06, 9.014856483484784e-06], [0.4980009059933429, 0.2683709845784177, 0.23350008862978355, 9.847753727374786e-05, 9.847753727374785e-06, 9.847753727374785e-06, 9.847753727374785e-06], [0.5011733583649784, 0.2677390450996288, 0.23108759653539276], [0.2697125496611358, 0.2587169899509231, 0.24044169198410845, 0.23112876840383267], [0.26782005167435025, 0.2614114190181873, 0.24236283499670702, 0.22840569431075536], [0.2696616656888218, 0.26134998463386694, 0.2407873047802643, 0.2282010448970469], [0.2676663428848956, 0.2645550024283633, 0.24312469645458962, 0.22465395823215153], [0.26984983971655135, 0.264349586637422, 0.2415387211067994, 0.22426185253922726], [0.5264633970947792, 0.2595282611822235, 0.21400834172299726], [0.270179232336674, 0.26787125213124297, 0.2413398760760178, 0.2206096394560652], [0.27089424103206644, 0.2681794978885331, 0.24458211517935868, 0.21634414590004178], [0.27044025157232704, 0.2695682046403467, 0.24456952592357697, 0.21542201786374926], [0.2730920114122682, 0.2682477413219211, 0.24836543033761294, 0.21029481692819782], [0.2727429716101402, 0.27070525661393935, 0.24842854182496374, 0.2081232299509567], [0.27882549534495105, 0.267446486830588, 0.25312325932999125, 0.20060475849446965], [0.2790620871862616, 0.2699565955840725, 0.2540573693149651, 0.1969239479147009], [0.2867728994874081, 0.265990639625585, 0.26014040561622465, 0.18709605527078227], [0.2902418682235196, 0.2678621073116486, 0.26327495134834583, 0.17862107311648595], [0.3023735810113519, 0.27278981768145855, 0.261781905744754, 0.16305469556243551], [0.30616983635559486, 0.2783060592658116, 0.26249447147279964, 0.15302963290579388], [0.3225806451612903, 0.27361232199941876, 0.25399593141528626, 0.13484452194129615, 0.014966579482708514], [0.3161674189577349, 0.28826425933524824, 0.25071809601969636, 0.11571604431678292, 0.016208453016003283, 0.012925728354534264]]