[[1.0], [1.0], [1.0], [1.0], [1.0], [1.0], [1.0], [1.0], [1.0], [1.0], [1.0], [1.0], [1.0], [1.0], [1.0], [1.0], [1.0], [1.0], [1.0], [1.0], [1.0], [1.0], [1.0], [1.0], [1.0], [1.0], [1.0], [1.0], [1.0], [1.0], [1.0], [1.0], [1.0], [1.0], [1.0], [1.0], [1.0], [1.0], [1.0], [1.0], [1.0], [1.0], [1.0], [1.0], [1.0], [1.0], [0.9352189781021898, 0.035583941605839414, 0.029197080291970802], [0.9393638170974155, 0.033797216699801194, 0.0268389662027833], [0.9383561643835616, 0.033105022831050226, 0.028538812785388126], [0.9293785310734464, 0.029661016949152543, 0.029661016949152543, 0.0014124293785310734, 0.0014124293785310734, 0.0014124293785310734, 0.0014124293785310734, 0.0014124293785310734, 0.0014124293785310734, 0.0014124293785310734, 0.0014124293785310734], [0.47115384615384615, 0.25, 0.1762820512820513, 0.03365384615384615, 0.03365384615384615, 0.01282051282051282, 0.009615384615384616, 0.0016025641025641025, 0.0016025641025641025, 0.0016025641025641025, 0.0016025641025641025, 0.0016025641025641025, 0.0016025641025641025, 0.0016025641025641025, 0.0016025641025641025], [0.4711191335740072, 0.2509025270758123, 0.18592057761732853, 0.03429602888086643, 0.021660649819494584, 0.01263537906137184, 0.009025270758122744, 0.0018050541516245488, 0.0018050541516245488, 0.0018050541516245488, 0.0018050541516245488, 0.0018050541516245488, 0.0018050541516245488, 0.0018050541516245488, 0.0018050541516245488], [0.44273127753303965, 0.2555066079295154, 0.18502202643171806, 0.037444933920704845, 0.024229074889867842, 0.022026431718061675, 0.015418502202643172, 0.011013215859030838, 0.006607929515418502], [0.43370165745856354, 0.2541436464088398, 0.18232044198895028, 0.03591160220994475, 0.027624309392265192, 0.027624309392265192, 0.016574585635359115, 0.013812154696132596, 0.008287292817679558], [0.4281437125748503, 0.25449101796407186, 0.17664670658682635, 0.038922155688622756, 0.029940119760479042, 0.029940119760479042, 0.017964071856287425, 0.014970059880239521, 0.008982035928143712], [0.34615384615384615, 0.17132867132867133, 0.0944055944055944, 0.05244755244755245, 0.04895104895104895, 0.045454545454545456, 0.045454545454545456, 0.03496503496503497, 0.027972027972027972, 0.027972027972027972, 0.024475524475524476, 0.024475524475524476, 0.02097902097902098, 0.013986013986013986, 0.01048951048951049, 0.006993006993006993, 0.0034965034965034965], [0.36554621848739494, 0.18067226890756302, 0.09663865546218488, 0.05042016806722689, 0.046218487394957986, 0.046218487394957986, 0.037815126050420166, 0.037815126050420166, 0.025210084033613446, 0.02100840336134454, 0.02100840336134454, 0.02100840336134454, 0.01680672268907563, 0.012605042016806723, 0.008403361344537815, 0.008403361344537815, 0.004201680672268907], [0.3767123287671233, 0.21232876712328766, 0.1095890410958904, 0.04794520547945205, 0.04794520547945205, 0.03424657534246575, 0.03424657534246575, 0.0273972602739726, 0.02054794520547945, 0.02054794520547945, 0.0136986301369863, 0.0136986301369863, 0.0136986301369863, 0.0136986301369863, 0.00684931506849315, 0.00684931506849315], [0.373015873015873, 0.21428571428571427, 0.09523809523809523, 0.047619047619047616, 0.047619047619047616, 0.03968253968253968, 0.031746031746031744, 0.031746031746031744, 0.023809523809523808, 0.015873015873015872, 0.015873015873015872, 0.015873015873015872, 0.015873015873015872, 0.015873015873015872, 0.007936507936507936, 0.007936507936507936], [0.34444444444444444, 0.2111111111111111, 0.06666666666666667, 0.05555555555555555, 0.05555555555555555, 0.044444444444444446, 0.03333333333333333, 0.03333333333333333, 0.03333333333333333, 0.022222222222222223, 0.022222222222222223, 0.022222222222222223, 0.022222222222222223, 0.011111111111111112, 0.011111111111111112, 0.011111111111111112], [0.43103448275862066, 0.25862068965517243, 0.06896551724137931, 0.05172413793103448, 0.05172413793103448, 0.034482758620689655, 0.034482758620689655, 0.034482758620689655, 0.017241379310344827, 0.017241379310344827], [0.46296296296296297, 0.2777777777777778, 0.07407407407407407, 0.05555555555555555, 0.05555555555555555, 0.018518518518518517, 0.018518518518518517, 0.018518518518518517, 0.018518518518518517], [0.4523809523809524, 0.2857142857142857, 0.07142857142857142, 0.07142857142857142, 0.023809523809523808, 0.023809523809523808, 0.023809523809523808, 0.023809523809523808, 0.023809523809523808], [0.4411764705882353, 0.29411764705882354, 0.08823529411764706, 0.029411764705882353, 0.029411764705882353, 0.029411764705882353, 0.029411764705882353, 0.029411764705882353, 0.029411764705882353], [0.5, 0.3888888888888889, 0.05555555555555555, 0.05555555555555555], [0.5, 0.35714285714285715, 0.07142857142857142, 0.07142857142857142], [0.5, 0.4, 0.1], [0.5, 0.5], [0.5, 0.5], [0.5, 0.5], [0.5, 0.5], [0.5, 0.5], [0.5, 0.5], [0.5, 0.5], [], [], [], []]