[[1.0], [1.0], [1.0], [1.0], [1.0], [1.0], [1.0], [1.0], [1.0], [1.0], [1.0], [1.0], [1.0], [1.0], [1.0], [1.0], [1.0], [1.0], [1.0], [1.0], [1.0], [1.0], [1.0], [1.0], [1.0], [1.0], [1.0], [1.0], [1.0], [1.0], [1.0], [1.0], [1.0], [1.0], [1.0], [1.0], [1.0], [1.0], [1.0], [1.0], [1.0], [1.0], [1.0], [1.0], [1.0], [1.0], [1.0], [1.0], [1.0], [1.0], [1.0], [1.0], [1.0], [1.0], [1.0], [1.0], [0.9991007194244604, 0.0008992805755395684], [0.9985915492957746, 0.0009389671361502347, 0.00046948356807511736], [0.999512432959532, 0.00048756704046806434], [1.0], [1.0], [1.0], [1.0], [1.0], [1.0], [1.0], [1.0], [0.943042537851478, 0.05695746214852199], [0.9445288753799392, 0.0364741641337386, 0.018996960486322188], [0.9505582137161085, 0.03349282296650718, 0.01594896331738437], [0.9509306260575296, 0.03299492385786802, 0.016074450084602367], [0.9152691968225949, 0.03795233892321271, 0.03353927625772286, 0.01323918799646955], [0.9027128157156221, 0.03648269410664172, 0.031805425631431246, 0.018709073900841908, 0.01028999064546305], [0.9103448275862069, 0.035467980295566505, 0.03152709359605911, 0.016748768472906402, 0.0049261083743842365, 0.0009852216748768472], [0.918918918918919, 0.031185031185031187, 0.029106029106029108, 0.014553014553014554, 0.005197505197505198, 0.0010395010395010396], [0.9239250275633958, 0.029768467475192944, 0.02866593164277839, 0.013230429988974642, 0.004410143329658214], [0.9275534441805225, 0.032066508313539195, 0.027315914489311165, 0.00831353919239905, 0.004750593824228029], [0.9328263624841572, 0.030418250950570342, 0.025348542458808618, 0.0063371356147021544, 0.0038022813688212928, 0.0012674271229404308], [0.9442934782608695, 0.024456521739130436, 0.020380434782608696, 0.006793478260869565, 0.004076086956521739], [0.9472913616398243, 0.02342606149341142, 0.021961932650073207, 0.004392386530014641, 0.0029282576866764276], [0.9472843450479234, 0.025559105431309903, 0.020766773162939296, 0.004792332268370607, 0.001597444089456869], [0.9486301369863014, 0.023972602739726026, 0.02226027397260274, 0.003424657534246575, 0.0017123287671232876], [0.9497206703910615, 0.024208566108007448, 0.020484171322160148, 0.0037243947858473, 0.00186219739292365], [0.9491869918699187, 0.024390243902439025, 0.022357723577235773, 0.0020325203252032522, 0.0020325203252032522], [0.9517241379310345, 0.022988505747126436, 0.020689655172413793, 0.0022988505747126436, 0.0022988505747126436], [0.9591836734693877, 0.02295918367346939, 0.012755102040816327, 0.002551020408163265, 0.002551020408163265], [0.9653179190751445, 0.017341040462427744, 0.014450867052023121, 0.002890173410404624], [0.9706840390879479, 0.016286644951140065, 0.013029315960912053], [0.9693486590038314, 0.01532567049808429, 0.01532567049808429], [0.9684684684684685, 0.018018018018018018, 0.013513513513513514], [0.9720670391061452, 0.01675977653631285, 0.0111731843575419], [0.9733333333333334, 0.013333333333333334, 0.013333333333333334], [0.9724770642201835, 0.01834862385321101, 0.009174311926605505], [0.9873417721518988, 0.012658227848101266], [0.5217391304347826, 0.15217391304347827, 0.08695652173913043, 0.08695652173913043, 0.08695652173913043, 0.043478260869565216, 0.021739130434782608], [0.28, 0.2, 0.08, 0.08, 0.08, 0.08, 0.04, 0.04, 0.04, 0.04, 0.04]]