{
  "basis": [
    [
      0.1219230769,
      0.1639230769,
      0.4479230769
    ],
    [
      0.1639230769,
      0.1219230769,
      0.0739230769
    ],
    [
      0.4479230769,
      0.0739230769,
      0.1219230769
    ],
    [
      0.0739230769,
      0.4479230769,
      0.1639230769
    ],
    [
      0.0319230769,
      -0.0100769231,
      -0.2940769231
    ],
    [
      -0.0100769231,
      0.0319230769,
      0.0799230769
    ],
    [
      -0.2940769231,
      0.0799230769,
      0.0319230769
    ],
    [
      0.0799230769,
      -0.2940769231,
      -0.0100769231
    ],
    [
      0.2449230769,
      0.2449230769,
      -0.3410769231
    ],
    [
      -0.3410769231,
      -0.3410769231,
      0.2449230769
    ],
    [
      -0.0910769231,
      -0.0910769231,
      -0.5050769231
    ],
    [
      -0.5050769231,
      -0.5050769231,
      -0.0910769231
    ],
    [
      -0.1450769231,
      0.3849230769,
      -0.1130769231
    ],
    [
      0.3849230769,
      -0.1450769231,
      -0.3190769231
    ],
    [
      -0.1130769231,
      -0.3190769231,
      -0.1450769231
    ],
    [
      -0.3190769231,
      -0.1130769231,
      0.3849230769
    ],
    [
      0.2989230769,
      -0.2310769231,
      0.2669230769
    ],
    [
      -0.2310769231,
      0.2989230769,
      -0.5270769231
    ],
    [
      0.2669230769,
      -0.5270769231,
      0.2989230769
    ],
    [
      -0.5270769231,
      0.2669230769,
      -0.2310769231
    ],
    [
      0.1189230769,
      0.1189230769,
      -0.2150769231
    ],
    [
      -0.2150769231,
      -0.2150769231,
      0.1189230769
    ],
    [
      0.0349230769,
      0.0349230769,
      0.3689230769
    ],
    [
      0.3689230769,
      0.3689230769,
      0.0349230769
    ],
    [
      -0.0480769231,
      -0.0480769231,
      -0.0480769231
    ],
    [
      0.2019230769,
      0.2019230769,
      0.2019230769
    ]
  ],
  "lattice_vectors": [
    [
      0.0,
      0.5104742481,
      0.859893041
    ],
    [
      0.3625852106,
      0.0,
      0.859893041
    ],
    [
      0.3625852106,
      0.5104742481,
      0.0
    ]
  ],
  "structure": "oF104-U2GeO10_r",
  "nbands": 20
}