[[], [], [], [], [], [], [], [0.125, 0.125, 0.125, 0.125, 0.125, 0.125, 0.125, 0.125], [0.125, 0.125, 0.125, 0.125, 0.125, 0.125, 0.125, 0.125], [0.125, 0.125, 0.125, 0.125, 0.125, 0.125, 0.125, 0.125], [0.125, 0.125, 0.125, 0.125, 0.125, 0.125, 0.125, 0.125], [0.125, 0.125, 0.125, 0.125, 0.125, 0.125, 0.125, 0.125], [0.125, 0.125, 0.125, 0.125, 0.125, 0.125, 0.125, 0.125], [0.125, 0.125, 0.125, 0.125, 0.125, 0.125, 0.125, 0.125], [0.125, 0.125, 0.125, 0.125, 0.125, 0.125, 0.125, 0.125], [0.125, 0.125, 0.125, 0.125, 0.125, 0.125, 0.125, 0.125], [0.125, 0.125, 0.125, 0.125, 0.125, 0.125, 0.125, 0.125], [0.125, 0.125, 0.125, 0.125, 0.125, 0.125, 0.125, 0.125], [0.125, 0.125, 0.125, 0.125, 0.125, 0.125, 0.125, 0.125], [0.125, 0.125, 0.125, 0.125, 0.125, 0.125, 0.125, 0.125], [0.125, 0.125, 0.125, 0.125, 0.125, 0.125, 0.125, 0.125], [0.125, 0.125, 0.125, 0.125, 0.125, 0.125, 0.125, 0.125], [0.125, 0.125, 0.125, 0.125, 0.125, 0.125, 0.125, 0.125], [0.125, 0.125, 0.125, 0.125, 0.125, 0.125, 0.125, 0.125], [0.125, 0.125, 0.125, 0.125, 0.125, 0.125, 0.125, 0.125], [0.125, 0.125, 0.125, 0.125, 0.12259615384615384, 0.12259615384615384, 0.12259615384615384, 0.12259615384615384, 0.002403846153846154, 0.002403846153846154, 0.002403846153846154, 0.002403846153846154], [0.125, 0.125, 0.125, 0.125, 0.12125, 0.12125, 0.12125, 0.12125, 0.00375, 0.00375, 0.00375, 0.00375], [0.125, 0.125, 0.125, 0.125, 0.1171875, 0.1171875, 0.1171875, 0.1171875, 0.0078125, 0.0078125, 0.0078125, 0.0078125], [0.125, 0.125, 0.125, 0.125, 0.1153598971722365, 0.1153598971722365, 0.1153598971722365, 0.1153598971722365, 0.009640102827763496, 0.009640102827763496, 0.009640102827763496, 0.009640102827763496], [0.125, 0.125, 0.125, 0.125, 0.11159673659673659, 0.11159673659673659, 0.11159673659673659, 0.11159673659673659, 0.013403263403263404, 0.013403263403263404, 0.013403263403263404, 0.013403263403263404], [0.125, 0.125, 0.125, 0.125, 0.10710412147505423, 0.10710412147505423, 0.10710412147505423, 0.10710412147505423, 0.01789587852494577, 0.01789587852494577, 0.01789587852494577, 0.01789587852494577], [0.125, 0.125, 0.125, 0.125, 0.1048469387755102, 0.1048469387755102, 0.1048469387755102, 0.1048469387755102, 0.020153061224489795, 0.020153061224489795, 0.020153061224489795, 0.020153061224489795], [0.125, 0.125, 0.125, 0.125, 0.10085740072202166, 0.10085740072202166, 0.10085740072202166, 0.10085740072202166, 0.02414259927797834, 0.02414259927797834, 0.02414259927797834, 0.02414259927797834], [0.125, 0.125, 0.125, 0.125, 0.09769417475728155, 0.09769417475728155, 0.09769417475728155, 0.09769417475728155, 0.027305825242718445, 0.027305825242718445, 0.027305825242718445, 0.027305825242718445], [0.125, 0.125, 0.125, 0.125, 0.09425329428989751, 0.09425329428989751, 0.09425329428989751, 0.09425329428989751, 0.03074670571010249, 0.03074670571010249, 0.03074670571010249, 0.03074670571010249], [0.125, 0.125, 0.125, 0.125, 0.08933378196500673, 0.08933378196500673, 0.08933378196500673, 0.08933378196500673, 0.03566621803499327, 0.03566621803499327, 0.03566621803499327, 0.03566621803499327], [0.125, 0.125, 0.125, 0.125, 0.08789308176100628, 0.08789308176100628, 0.08789308176100628, 0.08789308176100628, 0.03710691823899371, 0.03710691823899371, 0.03710691823899371, 0.03710691823899371], [0.125, 0.125, 0.125, 0.125, 0.084613196814562, 0.084613196814562, 0.084613196814562, 0.084613196814562, 0.040386803185438, 0.040386803185438, 0.040386803185438, 0.040386803185438], [0.125, 0.125, 0.125, 0.125, 0.08337942477876106, 0.08337942477876106, 0.08337942477876106, 0.08337942477876106, 0.04162057522123894, 0.04162057522123894, 0.04162057522123894, 0.04162057522123894], [0.125, 0.125, 0.125, 0.125, 0.0814353813559322, 0.0814353813559322, 0.0814353813559322, 0.0814353813559322, 0.0435646186440678, 0.0435646186440678, 0.0435646186440678, 0.0435646186440678], [0.125, 0.125, 0.125, 0.125, 0.08099489795918367, 0.08099489795918367, 0.08099489795918367, 0.08099489795918367, 0.04400510204081633, 0.04400510204081633, 0.04400510204081633, 0.04400510204081633], [0.125, 0.125, 0.125, 0.125, 0.07818579766536965, 0.07818579766536965, 0.07818579766536965, 0.07818579766536965, 0.04681420233463035, 0.04681420233463035, 0.04681420233463035, 0.04681420233463035], [0.125, 0.125, 0.125, 0.125, 0.07806647940074907, 0.07806647940074907, 0.07806647940074907, 0.07806647940074907, 0.04693352059925093, 0.04693352059925093, 0.04693352059925093, 0.04693352059925093], [0.125, 0.125, 0.125, 0.125, 0.07684608540925267, 0.07684608540925267, 0.07684608540925267, 0.07684608540925267, 0.04815391459074733, 0.04815391459074733, 0.04815391459074733, 0.04815391459074733], [0.125, 0.125, 0.125, 0.125, 0.07585836909871245, 0.07585836909871245, 0.07585836909871245, 0.07585836909871245, 0.04914163090128755, 0.04914163090128755, 0.04914163090128755, 0.04914163090128755], [0.125, 0.125, 0.125, 0.125, 0.0739247311827957, 0.0739247311827957, 0.0739247311827957, 0.0739247311827957, 0.051075268817204304, 0.051075268817204304, 0.051075268817204304, 0.051075268817204304], [0.125, 0.125, 0.125, 0.125, 0.07206582077716098, 0.07206582077716098, 0.07206582077716098, 0.07206582077716098, 0.052934179222839016, 0.052934179222839016, 0.052934179222839016, 0.052934179222839016], [0.125, 0.125, 0.125, 0.125, 0.07160755589822668, 0.07160755589822668, 0.07160755589822668, 0.07160755589822668, 0.05339244410177332, 0.05339244410177332, 0.05339244410177332, 0.05339244410177332], [0.125, 0.125, 0.125, 0.125, 0.06958858413639733, 0.06958858413639733, 0.06958858413639733, 0.06958858413639733, 0.05541141586360267, 0.05541141586360267, 0.05541141586360267, 0.05541141586360267], [0.125, 0.125, 0.125, 0.125, 0.06897501836884644, 0.06897501836884644, 0.06897501836884644, 0.06897501836884644, 0.05602498163115356, 0.05602498163115356, 0.05602498163115356, 0.05602498163115356], [0.125, 0.125, 0.125, 0.125, 0.06695791726105564, 0.06695791726105564, 0.06695791726105564, 0.06695791726105564, 0.058042082738944366, 0.058042082738944366, 0.058042082738944366, 0.058042082738944366], [0.125, 0.125, 0.125, 0.125, 0.06612068965517241, 0.06612068965517241, 0.06612068965517241, 0.06612068965517241, 0.05887931034482759, 0.05887931034482759, 0.05887931034482759, 0.05887931034482759], [0.125, 0.125, 0.125, 0.125, 0.06479357798165138, 0.06479357798165138, 0.06479357798165138, 0.06479357798165138, 0.060206422018348624, 0.060206422018348624, 0.060206422018348624, 0.060206422018348624], [0.125, 0.125, 0.125, 0.125, 0.06440597204574333, 0.06440597204574333, 0.06440597204574333, 0.06440597204574333, 0.06059402795425667, 0.06059402795425667, 0.06059402795425667, 0.06059402795425667], [0.125, 0.125, 0.125, 0.125, 0.06280674846625767, 0.06280674846625767, 0.06280674846625767, 0.06280674846625767, 0.06219325153374233, 0.06219325153374233, 0.06219325153374233, 0.06219325153374233], [0.125, 0.125, 0.125, 0.125, 0.0625, 0.0625, 0.0625, 0.0625, 0.0625, 0.0625, 0.0625, 0.0625], [0.125, 0.125, 0.125, 0.125, 0.06426512968299712, 0.06426512968299712, 0.06426512968299712, 0.06426512968299712, 0.06073487031700288, 0.06073487031700288, 0.06073487031700288, 0.06073487031700288], [0.125, 0.125, 0.125, 0.125, 0.06505888951205833, 0.06505888951205833, 0.06505888951205833, 0.06505888951205833, 0.05994111048794167, 0.05994111048794167, 0.05994111048794167, 0.05994111048794167], [0.125, 0.125, 0.125, 0.125, 0.06576819407008086, 0.06576819407008086, 0.06576819407008086, 0.06576819407008086, 0.05923180592991914, 0.05923180592991914, 0.05923180592991914, 0.05923180592991914], [1.0], [1.0], [1.0], [1.0], [1.0], [1.0], [1.0], [1.0], [1.0], [1.0], [1.0], [1.0], [1.0], [1.0], [1.0], [1.0], [1.0], [1.0], [1.0], [1.0], [1.0], [1.0], [1.0], [1.0], [1.0], [1.0], [1.0], [1.0], [1.0], [1.0], [1.0], [1.0], [1.0], [1.0], [1.0], [1.0], [1.0], [1.0], [1.0], [1.0]]