{"colors_to_do": [13, 5], "radii": [0.17, 0.18, 0.19, 0.2, 0.21, 0.22, 0.23, 0.24, 0.25, 0.26, 0.27, 0.28, 0.29, 0.3, 0.31, 0.32, 0.33, 0.34, 0.35, 0.36, 0.37, 0.38, 0.385, 0.39, 0.395, 0.4, 0.405, 0.41, 0.415, 0.42, 0.425, 0.43, 0.435, 0.44, 0.445, 0.45, 0.455, 0.46, 0.465, 0.47, 0.475, 0.48, 0.485, 0.49, 0.495, 0.5, 0.505, 0.51, 0.52, 0.53, 0.54, 0.55, 0.56, 0.57, 0.58, 0.59, 0.6, 0.61, 0.62, 0.63, 0.64, 0.65, 0.66, 0.67, 0.68, 0.69, 0.7, 0.71, 0.72, 0.73], "structure_url": "https://doi.org/10.1016/0022-1902(66)80270-1", "wyckoff_positions": ["a"], "min_connection_radius": 0.5, "omega_stars": [0.3123588330801417, 0.4219296689852249], "code": 43211, "has_gaps_at": [[12, 14, 16], [16]], "international": "m-3m", "radii_to_do": [0.49, 0.495], "sg_number": 221, "pointgroup": "m-3m", "has_gap": true, "featured": false, "fill_fraction": [0.020584, 0.024434, 0.028735, 0.03352, 0.038795, 0.04461, 0.050973, 0.057894, 0.065444, 0.073633, 0.082381, 0.091946, 0.102169, 0.113226, 0.124804, 0.137289, 0.15048, 0.164632, 0.179649, 0.195435, 0.2122, 0.229886, 0.239039, 0.248526, 0.25815, 0.268098, 0.278221, 0.288714, 0.299394, 0.310312, 0.321629, 0.333008, 0.344759, 0.356845, 0.369163, 0.381699, 0.394556, 0.407643, 0.421238, 0.434831, 0.448584, 0.463259, 0.477786, 0.492672, 0.507937, 0.523289, 0.539098, 0.554251, 0.585507, 0.614477, 0.643949, 0.672164, 0.6991, 0.725522, 0.750551, 0.775837, 0.798179, 0.820269, 0.840785, 0.861731, 0.87987, 0.896132, 0.911621, 0.926771, 0.93829, 0.949823, 0.959322, 0.967674, 0.973661, 0.979263], "code_source": "ICSD", "has_gaps_above_band": [5, 13], "has_gaps_of_size": [2.691186395561388, 0.15289722016094515], "common_name": "Simple Cubic", "IBZ_sphericity": 0.5235987755982993, "CN": [6], "site_symmetries": ["m-3m"], "num_jobs": 107, "photonics_url": "https://doi.org/10.1364/JOSAB.10.000296", "connection_radius": 0.49, "image_keys": {"5": [[0, 0], [0, 90], [45, 45], [90, 0]], "13": [[0, 0], [0, 90], [45, 45], [90, 0]]}, "fix_name": false, "gap_threshold_radii": [0.49, 0.49], "ind": 62, "cr": 0.505, "clusters": [[], [], [], [], [], [], [], [0.125, 0.125, 0.125, 0.125, 0.125, 0.125, 0.125, 0.125], [0.125, 0.125, 0.125, 0.125, 0.125, 0.125, 0.125, 0.125], [0.125, 0.125, 0.125, 0.125, 0.125, 0.125, 0.125, 0.125], [0.125, 0.125, 0.125, 0.125, 0.125, 0.125, 0.125, 0.125], [0.125, 0.125, 0.125, 0.125, 0.125, 0.125, 0.125, 0.125], [0.125, 0.125, 0.125, 0.125, 0.125, 0.125, 0.125, 0.125], [0.125, 0.125, 0.125, 0.125, 0.125, 0.125, 0.125, 0.125], [0.125, 0.125, 0.125, 0.125, 0.125, 0.125, 0.125, 0.125], [0.125, 0.125, 0.125, 0.125, 0.125, 0.125, 0.125, 0.125], [0.125, 0.125, 0.125, 0.125, 0.125, 0.125, 0.125, 0.125], [0.125, 0.125, 0.125, 0.125, 0.125, 0.125, 0.125, 0.125], [0.125, 0.125, 0.125, 0.125, 0.125, 0.125, 0.125, 0.125], [0.125, 0.125, 0.125, 0.125, 0.125, 0.125, 0.125, 0.125], [0.125, 0.125, 0.125, 0.125, 0.125, 0.125, 0.125, 0.125], [0.125, 0.125, 0.125, 0.125, 0.125, 0.125, 0.125, 0.125], [0.125, 0.125, 0.125, 0.125, 0.125, 0.125, 0.125, 0.125], [0.125, 0.125, 0.125, 0.125, 0.125, 0.125, 0.125, 0.125], [0.125, 0.125, 0.125, 0.125, 0.125, 0.125, 0.125, 0.125], [0.125, 0.125, 0.125, 0.125, 0.12259615384615384, 0.12259615384615384, 0.12259615384615384, 0.12259615384615384, 0.002403846153846154, 0.002403846153846154, 0.002403846153846154, 0.002403846153846154], [0.125, 0.125, 0.125, 0.125, 0.12125, 0.12125, 0.12125, 0.12125, 0.00375, 0.00375, 0.00375, 0.00375], [0.125, 0.125, 0.125, 0.125, 0.1171875, 0.1171875, 0.1171875, 0.1171875, 0.0078125, 0.0078125, 0.0078125, 0.0078125], [0.125, 0.125, 0.125, 0.125, 0.1153598971722365, 0.1153598971722365, 0.1153598971722365, 0.1153598971722365, 0.009640102827763496, 0.009640102827763496, 0.009640102827763496, 0.009640102827763496], [0.125, 0.125, 0.125, 0.125, 0.11159673659673659, 0.11159673659673659, 0.11159673659673659, 0.11159673659673659, 0.013403263403263404, 0.013403263403263404, 0.013403263403263404, 0.013403263403263404], [0.125, 0.125, 0.125, 0.125, 0.10710412147505423, 0.10710412147505423, 0.10710412147505423, 0.10710412147505423, 0.01789587852494577, 0.01789587852494577, 0.01789587852494577, 0.01789587852494577], [0.125, 0.125, 0.125, 0.125, 0.1048469387755102, 0.1048469387755102, 0.1048469387755102, 0.1048469387755102, 0.020153061224489795, 0.020153061224489795, 0.020153061224489795, 0.020153061224489795], [0.125, 0.125, 0.125, 0.125, 0.10085740072202166, 0.10085740072202166, 0.10085740072202166, 0.10085740072202166, 0.02414259927797834, 0.02414259927797834, 0.02414259927797834, 0.02414259927797834], [0.125, 0.125, 0.125, 0.125, 0.09769417475728155, 0.09769417475728155, 0.09769417475728155, 0.09769417475728155, 0.027305825242718445, 0.027305825242718445, 0.027305825242718445, 0.027305825242718445], [0.125, 0.125, 0.125, 0.125, 0.09425329428989751, 0.09425329428989751, 0.09425329428989751, 0.09425329428989751, 0.03074670571010249, 0.03074670571010249, 0.03074670571010249, 0.03074670571010249], [0.125, 0.125, 0.125, 0.125, 0.08933378196500673, 0.08933378196500673, 0.08933378196500673, 0.08933378196500673, 0.03566621803499327, 0.03566621803499327, 0.03566621803499327, 0.03566621803499327], [0.125, 0.125, 0.125, 0.125, 0.08789308176100628, 0.08789308176100628, 0.08789308176100628, 0.08789308176100628, 0.03710691823899371, 0.03710691823899371, 0.03710691823899371, 0.03710691823899371], [0.125, 0.125, 0.125, 0.125, 0.084613196814562, 0.084613196814562, 0.084613196814562, 0.084613196814562, 0.040386803185438, 0.040386803185438, 0.040386803185438, 0.040386803185438], [0.125, 0.125, 0.125, 0.125, 0.08337942477876106, 0.08337942477876106, 0.08337942477876106, 0.08337942477876106, 0.04162057522123894, 0.04162057522123894, 0.04162057522123894, 0.04162057522123894], [0.125, 0.125, 0.125, 0.125, 0.0814353813559322, 0.0814353813559322, 0.0814353813559322, 0.0814353813559322, 0.0435646186440678, 0.0435646186440678, 0.0435646186440678, 0.0435646186440678], [0.125, 0.125, 0.125, 0.125, 0.08099489795918367, 0.08099489795918367, 0.08099489795918367, 0.08099489795918367, 0.04400510204081633, 0.04400510204081633, 0.04400510204081633, 0.04400510204081633], [0.125, 0.125, 0.125, 0.125, 0.07818579766536965, 0.07818579766536965, 0.07818579766536965, 0.07818579766536965, 0.04681420233463035, 0.04681420233463035, 0.04681420233463035, 0.04681420233463035], [0.125, 0.125, 0.125, 0.125, 0.07806647940074907, 0.07806647940074907, 0.07806647940074907, 0.07806647940074907, 0.04693352059925093, 0.04693352059925093, 0.04693352059925093, 0.04693352059925093], [0.125, 0.125, 0.125, 0.125, 0.07684608540925267, 0.07684608540925267, 0.07684608540925267, 0.07684608540925267, 0.04815391459074733, 0.04815391459074733, 0.04815391459074733, 0.04815391459074733], [0.125, 0.125, 0.125, 0.125, 0.07585836909871245, 0.07585836909871245, 0.07585836909871245, 0.07585836909871245, 0.04914163090128755, 0.04914163090128755, 0.04914163090128755, 0.04914163090128755], [0.125, 0.125, 0.125, 0.125, 0.0739247311827957, 0.0739247311827957, 0.0739247311827957, 0.0739247311827957, 0.051075268817204304, 0.051075268817204304, 0.051075268817204304, 0.051075268817204304], [0.125, 0.125, 0.125, 0.125, 0.07206582077716098, 0.07206582077716098, 0.07206582077716098, 0.07206582077716098, 0.052934179222839016, 0.052934179222839016, 0.052934179222839016, 0.052934179222839016], [0.125, 0.125, 0.125, 0.125, 0.07160755589822668, 0.07160755589822668, 0.07160755589822668, 0.07160755589822668, 0.05339244410177332, 0.05339244410177332, 0.05339244410177332, 0.05339244410177332], [0.125, 0.125, 0.125, 0.125, 0.06958858413639733, 0.06958858413639733, 0.06958858413639733, 0.06958858413639733, 0.05541141586360267, 0.05541141586360267, 0.05541141586360267, 0.05541141586360267], [0.125, 0.125, 0.125, 0.125, 0.06897501836884644, 0.06897501836884644, 0.06897501836884644, 0.06897501836884644, 0.05602498163115356, 0.05602498163115356, 0.05602498163115356, 0.05602498163115356], [0.125, 0.125, 0.125, 0.125, 0.06695791726105564, 0.06695791726105564, 0.06695791726105564, 0.06695791726105564, 0.058042082738944366, 0.058042082738944366, 0.058042082738944366, 0.058042082738944366], [0.125, 0.125, 0.125, 0.125, 0.06612068965517241, 0.06612068965517241, 0.06612068965517241, 0.06612068965517241, 0.05887931034482759, 0.05887931034482759, 0.05887931034482759, 0.05887931034482759], [0.125, 0.125, 0.125, 0.125, 0.06479357798165138, 0.06479357798165138, 0.06479357798165138, 0.06479357798165138, 0.060206422018348624, 0.060206422018348624, 0.060206422018348624, 0.060206422018348624], [0.125, 0.125, 0.125, 0.125, 0.06440597204574333, 0.06440597204574333, 0.06440597204574333, 0.06440597204574333, 0.06059402795425667, 0.06059402795425667, 0.06059402795425667, 0.06059402795425667], [0.125, 0.125, 0.125, 0.125, 0.06280674846625767, 0.06280674846625767, 0.06280674846625767, 0.06280674846625767, 0.06219325153374233, 0.06219325153374233, 0.06219325153374233, 0.06219325153374233], [0.125, 0.125, 0.125, 0.125, 0.0625, 0.0625, 0.0625, 0.0625, 0.0625, 0.0625, 0.0625, 0.0625], [0.125, 0.125, 0.125, 0.125, 0.06426512968299712, 0.06426512968299712, 0.06426512968299712, 0.06426512968299712, 0.06073487031700288, 0.06073487031700288, 0.06073487031700288, 0.06073487031700288], [0.125, 0.125, 0.125, 0.125, 0.06505888951205833, 0.06505888951205833, 0.06505888951205833, 0.06505888951205833, 0.05994111048794167, 0.05994111048794167, 0.05994111048794167, 0.05994111048794167], [0.125, 0.125, 0.125, 0.125, 0.06576819407008086, 0.06576819407008086, 0.06576819407008086, 0.06576819407008086, 0.05923180592991914, 0.05923180592991914, 0.05923180592991914, 0.05923180592991914], [1.0], [1.0], [1.0], [1.0], [1.0], [1.0], [1.0], [1.0], [1.0], [1.0], [1.0], [1.0], [1.0], [1.0], [1.0], [1.0], [1.0], [1.0], [1.0], [1.0], [1.0], [1.0], [1.0], [1.0], [1.0], [1.0], [1.0], [1.0], [1.0], [1.0], [1.0], [1.0], [1.0], [1.0], [1.0], [1.0], [1.0], [1.0], [1.0], [1.0]], "connection_phi": 0.523289, "connection_radii": [[0.2, 0.25, 0.3, 0.35, 0.4, 0.45, 0.5, 0.55, 0.6, 0.65, 0.7, 0.75, 0.8, 0.85, 0.9, 0.95], [0.49, 0.49, 0.49, 0.49, 0.49, 0.49, 0.49, 0.49, 0.49, 0.49, 0.49, 0.49, 0.49, 0.49, 0.49, 0.49]], "min_connection_phi": 0.523289, "proportion_of_high_eps_in_largest_cluster": [0.0, 0.0, 0.0, 0.0, 0.0, 0.0, 0.0, 0.125, 0.125, 0.125, 0.125, 0.125, 0.125, 0.125, 0.125, 0.125, 0.125, 0.125, 0.125, 0.125, 0.125, 0.125, 0.125, 0.125, 0.125, 0.125, 0.125, 0.125, 0.125, 0.125, 0.125, 0.125, 0.125, 0.125, 0.125, 0.125, 0.125, 0.125, 0.125, 0.125, 0.125, 0.125, 0.125, 0.125, 0.125, 0.125, 0.125, 0.125, 0.125, 0.125, 0.125, 0.125, 0.125, 0.125, 0.125, 0.125, 0.125, 0.125, 0.125, 1.0, 1.0, 1.0, 1.0, 1.0, 1.0, 1.0, 1.0, 1.0, 1.0, 1.0, 1.0, 1.0, 1.0, 1.0, 1.0, 1.0, 1.0, 1.0, 1.0, 1.0, 1.0, 1.0, 1.0, 1.0, 1.0, 1.0, 1.0, 1.0, 1.0, 1.0, 1.0, 1.0, 1.0, 1.0, 1.0, 1.0, 1.0, 1.0, 1.0], "not_tags": ["chiral", "diamond_derivative", "gap_optimized_when_high_eps_connected", "gap_optimized_when_high_eps_touching"], "tags": ["gap_optimized_when_high_eps_disconnected", "gap_optimized_when_high_eps_not_touching"], "void_connection_phi": 0.06171, "kp_labels": ["GAMMA", "X", "M", "GAMMA", "R", "X", "R", "M"], "kpoints": [[0.0, 0.0, 0.0], [0.0, 0.5, 0.0], [0.5, 0.5, 0.0], [0.0, 0.0, 0.0], [0.5, 0.5, 0.5], [0.0, 0.5, 0.0], [0.5, 0.5, 0.5], [0.5, 0.5, 0.0]], "ready": true, "pdos_stored": true}