[[1.0], [1.0], [1.0], [1.0], [1.0], [1.0], [1.0], [1.0], [1.0], [1.0], [1.0], [1.0], [1.0], [1.0], [1.0], [1.0], [1.0], [1.0], [1.0], [1.0], [1.0], [1.0], [1.0], [1.0], [1.0], [1.0], [1.0], [1.0], [1.0], [1.0], [1.0], [1.0], [1.0], [1.0], [1.0], [1.0], [1.0], [1.0], [1.0], [1.0], [1.0], [1.0], [1.0], [1.0], [1.0], [1.0], [1.0], [1.0], [1.0], [1.0], [1.0], [1.0], [1.0], [1.0], [1.0], [1.0], [1.0], [1.0], [1.0], [1.0], [1.0], [1.0], [1.0], [1.0], [1.0], [1.0], [1.0], [1.0], [1.0], [1.0], [1.0], [1.0], [1.0], [1.0], [1.0], [1.0], [1.0], [1.0], [1.0], [1.0], [1.0], [1.0], [1.0], [1.0], [1.0], [1.0], [1.0], [1.0], [1.0], [1.0], [1.0], [1.0], [1.0], [1.0], [1.0], [1.0], [1.0], [1.0], [1.0], [1.0], [1.0], [1.0], [1.0], [1.0], [1.0], [1.0], [1.0], [1.0], [1.0], [1.0], [0.9996006389776357, 0.00019968051118210862, 0.00019968051118210862], [1.0], [1.0], [0.5, 0.3153846153846154, 0.09230769230769231, 0.09230769230769231], [0.25, 0.2494646680942184, 0.15952890792291222, 0.15899357601713063, 0.0904710920770878, 0.0904710920770878, 0.0002676659528907923, 0.0002676659528907923, 0.0002676659528907923, 0.0002676659528907923], [0.25, 0.25, 0.1598639455782313, 0.1598639455782313, 0.09013605442176871, 0.09013605442176871], [0.25, 0.25, 0.16058394160583941, 0.16058394160583941, 0.08941605839416059, 0.08941605839416059], [0.25, 0.25, 0.16226912928759896, 0.16226912928759896, 0.08773087071240106, 0.08773087071240106], [0.25, 0.25, 0.1631736526946108, 0.1631736526946108, 0.08682634730538923, 0.08682634730538923], [0.25, 0.25, 0.16473509933774835, 0.16473509933774835, 0.08526490066225166, 0.08526490066225166], [0.25, 0.25, 0.16607142857142856, 0.16607142857142856, 0.08392857142857142, 0.08392857142857142], [0.25, 0.25, 0.16926070038910507, 0.16926070038910507, 0.08073929961089495, 0.08073929961089495], [0.25, 0.25, 0.16701680672268907, 0.16701680672268907, 0.08298319327731092, 0.08298319327731092], [0.25, 0.25, 0.17099056603773585, 0.17099056603773585, 0.07900943396226415, 0.07900943396226415], [0.25, 0.25, 0.17287234042553193, 0.17287234042553193, 0.07712765957446809, 0.07712765957446809], [0.25, 0.25, 0.1747159090909091, 0.1747159090909091, 0.07528409090909091, 0.07528409090909091], [0.25, 0.25, 0.175, 0.175, 0.075, 0.075], [0.25, 0.25, 0.17758620689655172, 0.17758620689655172, 0.07241379310344828, 0.07241379310344828], [0.25, 0.25, 0.1796875, 0.1796875, 0.03515625, 0.03515625, 0.0205078125, 0.0205078125, 0.0146484375, 0.0146484375], [0.25, 0.25, 0.1875, 0.1875, 0.03125, 0.03125, 0.019230769230769232, 0.019230769230769232, 0.01201923076923077, 0.01201923076923077], [0.25, 0.25, 0.19318181818181818, 0.19318181818181818, 0.028409090909090908, 0.028409090909090908, 0.018465909090909092, 0.018465909090909092, 0.009943181818181818, 0.009943181818181818], [0.25, 0.25, 0.19375, 0.19375, 0.028125, 0.028125, 0.01875, 0.01875, 0.009375, 0.009375], [0.25, 0.25, 0.19852941176470587, 0.19852941176470587, 0.025735294117647058, 0.025735294117647058, 0.016544117647058824, 0.016544117647058824, 0.009191176470588236, 0.009191176470588236], [0.25, 0.25, 0.19827586206896552, 0.19827586206896552, 0.02586206896551724, 0.02586206896551724, 0.017241379310344827, 0.017241379310344827, 0.008620689655172414, 0.008620689655172414], [0.25, 0.25, 0.2, 0.2, 0.025, 0.025, 0.0175, 0.0175, 0.0075, 0.0075], [0.25, 0.25, 0.20555555555555555, 0.20555555555555555, 0.022222222222222223, 0.022222222222222223, 0.016666666666666666, 0.016666666666666666, 0.005555555555555556, 0.005555555555555556], [0.25, 0.25, 0.20625, 0.20625, 0.021875, 0.021875, 0.015625, 0.015625, 0.00625, 0.00625], [0.125, 0.125, 0.1111111111111111, 0.1111111111111111, 0.07407407407407407, 0.07407407407407407, 0.06481481481481481, 0.06481481481481481, 0.05092592592592592, 0.05092592592592592, 0.046296296296296294, 0.046296296296296294, 0.013888888888888888, 0.013888888888888888, 0.009259259259259259, 0.009259259259259259, 0.004629629629629629, 0.004629629629629629], [0.125, 0.125, 0.10714285714285714, 0.10714285714285714, 0.07738095238095238, 0.07738095238095238, 0.06547619047619048, 0.06547619047619048, 0.047619047619047616, 0.047619047619047616, 0.041666666666666664, 0.041666666666666664, 0.017857142857142856, 0.017857142857142856, 0.011904761904761904, 0.011904761904761904, 0.005952380952380952, 0.005952380952380952], [0.125, 0.125, 0.10294117647058823, 0.10294117647058823, 0.08088235294117647, 0.08088235294117647, 0.0661764705882353, 0.0661764705882353, 0.04411764705882353, 0.04411764705882353, 0.03676470588235294, 0.03676470588235294, 0.022058823529411766, 0.022058823529411766, 0.014705882352941176, 0.014705882352941176, 0.007352941176470588, 0.007352941176470588], [0.125, 0.125, 0.11538461538461539, 0.11538461538461539, 0.08653846153846154, 0.08653846153846154, 0.07692307692307693, 0.07692307692307693, 0.038461538461538464, 0.038461538461538464, 0.038461538461538464, 0.038461538461538464, 0.009615384615384616, 0.009615384615384616, 0.009615384615384616, 0.009615384615384616], [0.125, 0.125, 0.1125, 0.1125, 0.0875, 0.0875, 0.075, 0.075, 0.0375, 0.0375, 0.0375, 0.0375, 0.0125, 0.0125, 0.0125, 0.0125], [0.125, 0.125, 0.125, 0.125, 0.08333333333333333, 0.08333333333333333, 0.08333333333333333, 0.08333333333333333, 0.041666666666666664, 0.041666666666666664, 0.041666666666666664, 0.041666666666666664], [0.125, 0.125, 0.125, 0.125, 0.08333333333333333, 0.08333333333333333, 0.08333333333333333, 0.08333333333333333, 0.041666666666666664, 0.041666666666666664, 0.041666666666666664, 0.041666666666666664], [0.125, 0.125, 0.125, 0.125, 0.09375, 0.09375, 0.09375, 0.09375, 0.03125, 0.03125, 0.03125, 0.03125], [0.125, 0.125, 0.125, 0.125, 0.08333333333333333, 0.08333333333333333, 0.08333333333333333, 0.08333333333333333, 0.041666666666666664, 0.041666666666666664, 0.041666666666666664, 0.041666666666666664], [0.125, 0.125, 0.125, 0.125, 0.125, 0.125, 0.125, 0.125], [0.125, 0.125, 0.125, 0.125, 0.125, 0.125, 0.125, 0.125], [0.125, 0.125, 0.125, 0.125, 0.125, 0.125, 0.125, 0.125], [0.125, 0.125, 0.125, 0.125, 0.125, 0.125, 0.125, 0.125], [], [], [], []]