[[1.0], [1.0], [1.0], [1.0], [1.0], [1.0], [1.0], [1.0], [1.0], [1.0], [1.0], [1.0], [1.0], [1.0], [1.0], [1.0], [1.0], [0.999738356881214, 0.00026164311878597594], [0.999738356881214, 0.00026164311878597594], [0.9997367035281727, 0.0002632964718272775], [1.0], [1.0], [1.0], [1.0], [1.0], [1.0], [1.0], [1.0], [1.0], [1.0], [1.0], [1.0], [1.0], [1.0], [1.0], [1.0], [1.0], [1.0], [1.0], [1.0], [1.0], [1.0], [1.0], [1.0], [1.0], [1.0], [1.0], [1.0], [1.0], [1.0], [1.0], [1.0], [1.0], [0.8301886792452831, 0.054245283018867926, 0.054245283018867926, 0.054245283018867926, 0.0011792452830188679, 0.0011792452830188679, 0.0011792452830188679, 0.0011792452830188679, 0.0011792452830188679, 0.0011792452830188679], [0.8404255319148937, 0.05053191489361702, 0.05053191489361702, 0.05053191489361702, 0.0013297872340425532, 0.0013297872340425532, 0.0013297872340425532, 0.0013297872340425532, 0.0013297872340425532, 0.0013297872340425532], [0.8575949367088608, 0.04430379746835443, 0.04430379746835443, 0.04430379746835443, 0.0015822784810126582, 0.0015822784810126582, 0.0015822784810126582, 0.0015822784810126582, 0.0015822784810126582, 0.0015822784810126582], [0.8618421052631579, 0.04276315789473684, 0.04276315789473684, 0.04276315789473684, 0.001644736842105263, 0.001644736842105263, 0.001644736842105263, 0.001644736842105263, 0.001644736842105263, 0.001644736842105263], [0.8561643835616438, 0.04452054794520548, 0.04452054794520548, 0.04452054794520548, 0.0017123287671232876, 0.0017123287671232876, 0.0017123287671232876, 0.0017123287671232876, 0.0017123287671232876, 0.0017123287671232876], [0.8674911660777385, 0.044169611307420496, 0.044169611307420496, 0.044169611307420496], [0.8692946058091287, 0.043568464730290454, 0.043568464730290454, 0.043568464730290454], [0.8755458515283843, 0.04148471615720524, 0.04148471615720524, 0.04148471615720524], [0.875609756097561, 0.041463414634146344, 0.041463414634146344, 0.041463414634146344], [0.906896551724138, 0.03103448275862069, 0.03103448275862069, 0.03103448275862069], [0.9042553191489362, 0.031914893617021274, 0.031914893617021274, 0.031914893617021274], [0.9042553191489362, 0.031914893617021274, 0.031914893617021274, 0.031914893617021274], [0.9186046511627907, 0.027131782945736434, 0.027131782945736434, 0.027131782945736434], [0.9782608695652174, 0.007246376811594203, 0.007246376811594203, 0.007246376811594203], [1.0], [0.5, 0.5], [0.5, 0.5], [0.5, 0.5], [0.5, 0.5], [0.5, 0.5], [0.5, 0.5], [0.5, 0.5], [0.5, 0.5], [0.5, 0.5], [0.5, 0.5], [0.5, 0.5], [0.5, 0.5], [0.5, 0.5], [0.5, 0.5], [], [], [], []]