{"colors_to_do": [15], "radii": [0.12, 0.13, 0.14, 0.15, 0.16, 0.17, 0.18, 0.19, 0.2, 0.21, 0.22, 0.23, 0.24, 0.25, 0.26, 0.27, 0.28, 0.29, 0.3, 0.31, 0.32, 0.33, 0.34, 0.35, 0.36, 0.37, 0.38, 0.39, 0.4, 0.41, 0.42, 0.43, 0.44, 0.45, 0.46, 0.47, 0.48, 0.49, 0.5], "structure_url": "https://doi.org/10.1039/C7CE00863E", "wyckoff_positions": ["a"], "min_connection_radius": 0.2759294244538716, "omega_stars": [0.521878153701699], "code": 7228524, "has_gaps_at": [[10, 12, 14, 16]], "international": "3_121", "radii_to_do": [0.3], "sg_number": 152, "pointgroup": "32", "has_gap": true, "featured": false, "fill_fraction": [0.021761, 0.027672, 0.034567, 0.042511, 0.051553, 0.061875, 0.073438, 0.086371, 0.100742, 0.116601, 0.134066, 0.153193, 0.174044, 0.196685, 0.221247, 0.247773, 0.276267, 0.305946, 0.336686, 0.368481, 0.401325, 0.435184, 0.470096, 0.505942, 0.54292, 0.581, 0.620036, 0.660307, 0.700865, 0.739348, 0.775643, 0.809765, 0.841147, 0.870205, 0.896474, 0.919258, 0.938667, 0.955297, 0.969473], "code_source": "COD", "has_gaps_above_band": [15], "has_gaps_of_size": [0.7437546059945097], "common_name": "Grey Selenium", "IBZ_sphericity": 0.6105107727468347, "CN": [2], "site_symmetries": ["2"], "num_jobs": 73, "photonics_url": "New", "connection_radius": 0.38, "image_keys": {"15": [[0, 0], [0, 90], [45, 45], [90, 0]]}, "fix_name": false, "gap_threshold_radii": [0.27], "ind": 25, "cr": 0.28, "clusters": [[], [0.5714285714285714], [0.4, 0.3, 0.3], [0.3333333333333333, 0.3333333333333333, 0.3333333333333333], [0.34615384615384615, 0.3333333333333333, 0.32051282051282054], [0.3394495412844037, 0.3302752293577982, 0.3302752293577982], [0.34523809523809523, 0.3273809523809524, 0.3273809523809524], [0.3389121338912134, 0.3305439330543933, 0.3305439330543933], [0.3484848484848485, 0.32727272727272727, 0.3242424242424242], [0.34186046511627904, 0.3302325581395349, 0.32790697674418606], [0.33638025594149906, 0.3327239488117002, 0.33089579524680074], [0.3456614509246088, 0.3285917496443812, 0.32574679943101], [0.3404977375565611, 0.332579185520362, 0.3269230769230769], [0.33459000942507067, 0.33270499528746467, 0.33270499528746467], [0.3392036753445635, 0.333843797856049, 0.32695252679938747], [0.3406451612903226, 0.33741935483870966, 0.32193548387096776], [0.34299781181619254, 0.3309628008752735, 0.32603938730853393], [0.3418560606060606, 0.3390151515151515, 0.31865530303030304], [0.3419983753046304, 0.3395613322502031, 0.31356620633631194, 0.00487408610885459], [0.3483939286974938, 0.34274620543593365, 0.30885986586657255], [0.34877214796394157, 0.34597451041342864, 0.3052533416226298], [0.34899888765294773, 0.34510567296996664, 0.3031145717463849, 0.0027808676307007787], [0.35291226345539445, 0.33767510444826737, 0.3003194888178914, 0.0061440157286802655, 0.002457606291472106], [0.35815289438798054, 0.3305346884666372, 0.29253203711886877, 0.012814847547503314, 0.004639858594785683, 0.0008837825894829872], [0.6509396241503399, 0.3198720511795282, 0.019992003198720514, 0.0059976009596161535, 0.001599360255897641, 0.0007996801279488205, 0.0007996801279488205], [0.6492779783393502, 0.3088447653429603, 0.02707581227436823, 0.0092057761732852, 0.0023465703971119133, 0.001444043321299639, 0.0010830324909747292, 0.0007220216606498195], [0.6451295506723516, 0.2996064283371597, 0.033781567727123644, 0.01229911446375861, 0.0045916693998032145, 0.0029517874713020664, 0.0009839291571006887, 0.0006559527714004591], [0.9298377403846154, 0.04056490384615385, 0.014873798076923076, 0.005709134615384615, 0.004807692307692308, 0.0018028846153846155, 0.001201923076923077, 0.0009014423076923077], [0.9191670091793397, 0.052746951637210576, 0.01904370461707083, 0.0063022331826277575, 0.0027401013837511988], [0.9081979599546657, 0.060319858959828734, 0.02090416824077572, 0.00680015111446921, 0.0037778617302606727], [0.8938970416957839, 0.06894945259725134, 0.02410901467505241, 0.007221057535522944, 0.0058234334963894714], [0.8807556080283353, 0.07620478694858861, 0.02747665557582913, 0.015348288075560802], [0.8679132086791321, 0.0842915708429157, 0.030596940305969402, 0.017198280171982803], [0.8544079193126635, 0.09133358236832274, 0.034273440418378785, 0.01998505790063504], [0.8428921140059451, 0.09791921664626684, 0.03663227837034447, 0.022381535233432417], [0.9744113799869195, 0.02526160889470242, 0.0003270111183780249], [0.9992307100546196, 0.0006154319563043311], [0.9989129647075875, 0.0009420972534241611], [0.9984935634072857, 0.001369487811558477], [0.9981737542394991, 0.0016957996347508478], [0.9997507788161993, 0.00024922118380062304], [0.9997612082860725, 0.0002387917139275267], [0.9995393562503598, 0.00046064374964012206], [1.0], [0.9998919269426132], [0.9995784370553829, 0.0003161722084628761], [0.9995882443769623, 0.0004117556230377271], [0.9992927506946199, 0.0007072493053801465], [1.0], [1.0], [1.0], [1.0], [1.0], [1.0], [1.0]], "connection_phi": 0.54292, "connection_radii": [[0.2, 0.25, 0.3, 0.35, 0.4, 0.45, 0.5, 0.55, 0.6, 0.65, 0.7, 0.75, 0.8, 0.85, 0.9, 0.95], [0.04, 0.04, 0.04, 0.25, 0.27, 0.27, 0.27, 0.27, 0.27, 0.3, 0.3, 0.3, 0.3, 0.38, 0.38, 0.38]], "min_connection_phi": 0.221247, "proportion_of_high_eps_in_largest_cluster": [0.0, 0.5714285714285714, 0.4, 0.3333333333333333, 0.34615384615384615, 0.3394495412844037, 0.34523809523809523, 0.3389121338912134, 0.3484848484848485, 0.34186046511627904, 0.33638025594149906, 0.3456614509246088, 0.3404977375565611, 0.33459000942507067, 0.3392036753445635, 0.3406451612903226, 0.34299781181619254, 0.3418560606060606, 0.3419983753046304, 0.3483939286974938, 0.34877214796394157, 0.34899888765294773, 0.35291226345539445, 0.35815289438798054, 0.6509396241503399, 0.6492779783393502, 0.6451295506723516, 0.9298377403846154, 0.9191670091793397, 0.9081979599546657, 0.8938970416957839, 0.8807556080283353, 0.8679132086791321, 0.8544079193126635, 0.8428921140059451, 0.9744113799869195, 0.9992307100546196, 0.9989129647075875, 0.9984935634072857, 0.9981737542394991, 0.9997507788161993, 0.9997612082860725, 0.9995393562503598, 1.0, 0.9998919269426132, 0.9995784370553829, 0.9995882443769623, 0.9992927506946199, 1.0, 1.0, 1.0, 1.0, 1.0, 1.0, 1.0], "tags": ["gap_optimized_when_high_eps_touching", "gap_optimized_when_high_eps_disconnected", "chiral"], "not_tags": ["chiral", "gap_optimized_when_high_eps_connected", "gap_optimized_when_high_eps_not_touching"], "void_connection_phi": 0.190236, "kp_labels": ["GAMMA", "C", "C_2", "Y_2", "GAMMA", "M_2", "D", "D_2", "A", "GAMMA", "L_2", "GAMMA", "V_2"], "kpoints": [[0.0, 0.0, 0.0], [0.33333333333483073, 0.33333333333483073, 0.0], [-0.33333333333483073, 0.6666666666651693, 0.0], [-0.5, 0.5, 0.0], [0.0, 0.0, 0.0], [-0.5, 0.5, 0.5], [-0.33333333333483073, 0.6666666666651693, 0.5], [0.33333333333483073, 0.33333333333483073, 0.5], [0.0, 0.0, 0.5], [0.0, 0.0, 0.0], [0.0, 0.5, 0.5], [0.0, 0.0, 0.0], [0.0, 0.5, 0.0]], "bz_approved": true, "ready": true, "pdos_stored": true}