[[1.0], [1.0], [1.0], [1.0], [1.0], [1.0], [1.0], [1.0], [1.0], [1.0], [1.0], [1.0], [1.0], [1.0], [1.0], [1.0], [1.0], [1.0], [1.0], [1.0], [1.0], [1.0], [1.0], [1.0], [1.0], [1.0], [1.0], [1.0], [1.0], [1.0], [1.0], [0.9179487179487179, 0.03974358974358974, 0.017948717948717947, 0.017948717948717947, 0.003205128205128205, 0.003205128205128205], [0.9191374663072777, 0.03908355795148248, 0.01752021563342318, 0.01752021563342318, 0.0033692722371967657, 0.0033692722371967657], [0.7950219619326501, 0.13469985358711567, 0.036603221083455345, 0.007320644216691069, 0.007320644216691069, 0.007320644216691069, 0.007320644216691069, 0.0021961932650073207, 0.0021961932650073207], [0.804635761589404, 0.1423841059602649, 0.03145695364238411, 0.004966887417218543, 0.004966887417218543, 0.004966887417218543, 0.004966887417218543, 0.0008278145695364238, 0.0008278145695364238], [0.8193916349809885, 0.13498098859315588, 0.028517110266159697, 0.0038022813688212928, 0.0038022813688212928, 0.0038022813688212928, 0.0038022813688212928, 0.0009505703422053232, 0.0009505703422053232], [0.8210290827740492, 0.1342281879194631, 0.03131991051454139, 0.003355704697986577, 0.003355704697986577, 0.003355704697986577, 0.003355704697986577], [0.827906976744186, 0.12558139534883722, 0.03255813953488372, 0.0034883720930232558, 0.0034883720930232558, 0.0034883720930232558, 0.0034883720930232558], [0.2943444730077121, 0.2544987146529563, 0.21722365038560412, 0.13110539845758354, 0.07197943444730077, 0.02570694087403599, 0.0012853470437017994, 0.0012853470437017994, 0.0012853470437017994, 0.0012853470437017994], [0.6736842105263158, 0.22894736842105262, 0.06578947368421052, 0.02631578947368421, 0.0013157894736842105, 0.0013157894736842105, 0.0013157894736842105, 0.0013157894736842105], [0.3066465256797583, 0.2628398791540785, 0.2280966767371601, 0.1148036253776435, 0.0634441087613293, 0.02416918429003021], [0.6019736842105263, 0.2598684210526316, 0.1118421052631579, 0.02631578947368421], [0.3314176245210728, 0.2681992337164751, 0.23946360153256704, 0.09578544061302682, 0.04597701149425287, 0.009578544061302681, 0.009578544061302681], [0.34953703703703703, 0.26851851851851855, 0.23842592592592593, 0.08796296296296297, 0.016203703703703703, 0.016203703703703703, 0.011574074074074073, 0.011574074074074073], [0.35919540229885055, 0.27586206896551724, 0.22126436781609196, 0.10919540229885058, 0.008620689655172414, 0.008620689655172414, 0.008620689655172414, 0.008620689655172414], [0.3652694610778443, 0.2754491017964072, 0.2215568862275449, 0.10179640718562874, 0.008982035928143712, 0.008982035928143712, 0.008982035928143712, 0.008982035928143712], [0.3702290076335878, 0.2824427480916031, 0.22519083969465647, 0.10687022900763359, 0.003816793893129771, 0.003816793893129771, 0.003816793893129771, 0.003816793893129771], [0.3771186440677966, 0.2966101694915254, 0.2245762711864407, 0.046610169491525424, 0.046610169491525424, 0.00423728813559322, 0.00423728813559322], [0.398876404494382, 0.30337078651685395, 0.24157303370786518, 0.028089887640449437, 0.028089887640449437], [0.4154929577464789, 0.29577464788732394, 0.2746478873239437, 0.007042253521126761, 0.007042253521126761], [0.4262295081967213, 0.29508196721311475, 0.26229508196721313, 0.00819672131147541, 0.00819672131147541], [0.47619047619047616, 0.23809523809523808, 0.16666666666666666, 0.09523809523809523, 0.011904761904761904, 0.011904761904761904], [0.5, 0.26666666666666666, 0.15, 0.08333333333333333], [0.5, 0.32, 0.12, 0.06], [0.5, 0.32, 0.12, 0.06], [0.5625, 0.15625, 0.15625, 0.03125, 0.03125, 0.03125, 0.03125], [0.35, 0.35, 0.15, 0.15], [0.25, 0.25, 0.25, 0.25], [0.375, 0.375, 0.125, 0.125], [0.5, 0.5], [], [], [], [], [], []]