[[1.0], [1.0], [1.0], [1.0], [1.0], [1.0], [1.0], [0.9999418503227308, 5.8149677269291154e-05], [1.0], [0.9990737167116943, 0.00030876109610189115, 0.00023157082207641837, 0.00015438054805094558, 0.00015438054805094558, 7.719027402547279e-05], [0.9453886876567289, 0.04476641590043652, 0.005572582892170521, 0.00046438190768087673, 0.00046438190768087673, 0.0003715055261447014, 0.0003715055261447014, 0.00027862914460852607, 0.00027862914460852607, 0.00027862914460852607, 0.00027862914460852607, 0.0001857527630723507, 0.0001857527630723507, 0.0001857527630723507, 9.287638153617534e-05, 9.287638153617534e-05, 9.287638153617534e-05, 9.287638153617534e-05, 9.287638153617534e-05, 9.287638153617534e-05, 9.287638153617534e-05, 9.287638153617534e-05, 9.287638153617534e-05, 9.287638153617534e-05], [0.9372868302343492, 0.036527670810870286, 0.00715150181538123, 0.005281109032896908, 0.0038508086698206623, 0.0011002310485201893, 0.0007701617339641324, 0.0006601386291121135, 0.0006601386291121135, 0.0006601386291121135, 0.0006601386291121135, 0.0005501155242600946, 0.0004400924194080757, 0.00033006931455605677, 0.00033006931455605677, 0.00033006931455605677, 0.00022004620970403785, 0.00022004620970403785, 0.00022004620970403785, 0.00022004620970403785, 0.00022004620970403785, 0.00022004620970403785, 0.00022004620970403785, 0.00022004620970403785, 0.00011002310485201893, 0.00011002310485201893, 0.00011002310485201893, 0.00011002310485201893, 0.00011002310485201893, 0.00011002310485201893, 0.00011002310485201893, 0.00011002310485201893, 0.00011002310485201893, 0.00011002310485201893, 0.00011002310485201893, 0.00011002310485201893, 0.00011002310485201893, 0.00011002310485201893, 0.00011002310485201893], [0.9110687022900763, 0.03486005089058524, 0.03193384223918575, 0.0064885496183206106, 0.0053435114503816794, 0.003816793893129771, 0.002417302798982188, 0.0006361323155216285, 0.0003816793893129771, 0.0002544529262086514, 0.0002544529262086514, 0.0002544529262086514, 0.0002544529262086514, 0.0002544529262086514, 0.0002544529262086514, 0.0002544529262086514, 0.0002544529262086514, 0.0001272264631043257, 0.0001272264631043257, 0.0001272264631043257, 0.0001272264631043257, 0.0001272264631043257, 0.0001272264631043257, 0.0001272264631043257, 0.0001272264631043257], [0.925316639976707, 0.03130004367447955, 0.02838841170476052, 0.00524093754549425, 0.004076284757606638, 0.0021837239772892706, 0.001601397583345465, 0.0008734895909157083, 0.00043674479545785413, 0.00014558159848595138, 0.00014558159848595138, 0.00014558159848595138, 0.00014558159848595138], [0.9378134403209629, 0.02591106653293213, 0.025075225677031094, 0.004513540621865597, 0.0028418589100635237, 0.0015045135406218655, 0.001170177198261451, 0.00033433634236041456, 0.00033433634236041456, 0.00016716817118020728, 0.00016716817118020728, 0.00016716817118020728], [0.9474189215121858, 0.02341201304931875, 0.019957781615812704, 0.004029936672423719, 0.0019190174630589138, 0.0013433122241412398, 0.0007676069852235655, 0.0005757052389176742, 0.00019190174630589137, 0.00019190174630589137, 0.00019190174630589137], [0.9542051959489212, 0.019594892118009688, 0.017613386173491855, 0.001100836635843241, 0.0008806693086745927, 0.0008806693086745927, 0.0006605019815059445, 0.0006605019815059445, 0.0006605019815059445, 0.00044033465433729633, 0.00044033465433729633, 0.00044033465433729633, 0.00044033465433729633, 0.00044033465433729633, 0.00044033465433729633, 0.00022016732716864817, 0.00022016732716864817, 0.00022016732716864817, 0.00022016732716864817, 0.00022016732716864817], [0.9639175257731959, 0.016237113402061857, 0.015979381443298968, 0.0010309278350515464, 0.0005154639175257732, 0.0005154639175257732, 0.0002577319587628866, 0.0002577319587628866, 0.0002577319587628866, 0.0002577319587628866, 0.0002577319587628866, 0.0002577319587628866, 0.0002577319587628866], [0.6809723889555822, 0.15156062424969988, 0.14015606242497, 0.013205282112845138, 0.0117046818727491, 0.0021008403361344537, 0.00030012004801920766], [0.7137989778534923, 0.15366269165247018, 0.1151618398637138, 0.009199318568994889, 0.007495741056218058, 0.00034071550255536625, 0.00034071550255536625], [0.6882591093117408, 0.16072874493927125, 0.13522267206477734, 0.0072874493927125505, 0.006477732793522267, 0.0012145748987854252, 0.0004048582995951417, 0.0004048582995951417], [0.5082796688132475, 0.19135234590616376, 0.15731370745170192, 0.13385464581416742, 0.005059797608095676, 0.004139834406623735], [0.5130111524163569, 0.20074349442379183, 0.1460435475305364, 0.13595326606479022, 0.002124269782262347, 0.0015932023366967605, 0.0005310674455655868], [0.5242718446601942, 0.20631067961165048, 0.14805825242718446, 0.12135922330097088], [0.5290055248618785, 0.2085635359116022, 0.14226519337016574, 0.12016574585635359], [0.5367931835786213, 0.21068938807126258, 0.1386522075910147, 0.11386522075910147], [0.41495327102803736, 0.2252336448598131, 0.13457943925233645, 0.1233644859813084, 0.10186915887850467], [0.43373493975903615, 0.2343921139101862, 0.12705366922234393, 0.11610076670317634, 0.0887185104052574], [0.44140625, 0.24088541666666666, 0.12760416666666666, 0.11197916666666667, 0.078125], [0.45891472868217054, 0.2496124031007752, 0.13953488372093023, 0.09457364341085271, 0.05736434108527132], [0.48066298342541436, 0.26703499079189685, 0.1289134438305709, 0.07734806629834254, 0.04604051565377532], [0.5113122171945701, 0.2873303167420814, 0.12217194570135746, 0.07013574660633484, 0.006787330316742082, 0.0022624434389140274], [0.5295774647887324, 0.30140845070422534, 0.12394366197183099, 0.022535211267605635, 0.022535211267605635], [0.538961038961039, 0.3116883116883117, 0.12012987012987013, 0.016233766233766232, 0.012987012987012988], [0.5369649805447471, 0.32684824902723736, 0.11673151750972763, 0.011673151750972763, 0.007782101167315175], [0.5673076923076923, 0.33653846153846156, 0.09615384615384616], [0.5670731707317073, 0.3353658536585366, 0.0975609756097561], [0.5625, 0.34375, 0.09375]]