[[1.0], [1.0], [1.0], [1.0], [1.0], [1.0], [1.0], [1.0], [1.0], [1.0], [1.0], [1.0], [1.0], [1.0], [1.0], [1.0], [1.0], [1.0], [1.0], [1.0], [1.0], [1.0], [1.0], [1.0], [1.0], [1.0], [1.0], [1.0], [1.0], [1.0], [1.0], [1.0], [1.0], [1.0], [1.0], [1.0], [1.0], [1.0], [1.0], [1.0], [1.0], [1.0], [1.0], [1.0], [1.0], [1.0], [1.0], [0.9323671497584541, 0.06763285024154589], [0.9331352154531947, 0.06686478454680535], [0.8508500772797527, 0.06723338485316847, 0.04095826893353941, 0.04095826893353941], [0.8489208633093526, 0.06794564348521183, 0.04156674660271783, 0.04156674660271783], [0.8560477001703578, 0.06729131175468483, 0.03833049403747871, 0.03833049403747871], [0.863593603010348, 0.06867356538099718, 0.03386641580432737, 0.03386641580432737], [0.8653846153846154, 0.07186234817813765, 0.03137651821862348, 0.03137651821862348], [0.8675847457627118, 0.07097457627118645, 0.03072033898305085, 0.03072033898305085], [0.7113636363636363, 0.08181818181818182, 0.08181818181818182, 0.06818181818181818, 0.028409090909090908, 0.028409090909090908], [0.7028639618138425, 0.08591885441527446, 0.08591885441527446, 0.07040572792362769, 0.027446300715990454, 0.027446300715990454], [0.7148541114058355, 0.07824933687002653, 0.07692307692307693, 0.07692307692307693, 0.026525198938992044, 0.026525198938992044], [0.7074542897327707, 0.08016877637130802, 0.08016877637130802, 0.0759493670886076, 0.02812939521800281, 0.02812939521800281], [0.6698717948717948, 0.07852564102564102, 0.07532051282051282, 0.07532051282051282, 0.06891025641025642, 0.016025641025641024, 0.016025641025641024], [0.5258064516129032, 0.14193548387096774, 0.07580645161290323, 0.07580645161290323, 0.07258064516129033, 0.06935483870967742, 0.01935483870967742, 0.01935483870967742], [0.523725834797891, 0.1546572934973638, 0.07557117750439367, 0.07557117750439367, 0.07205623901581722, 0.070298769771529, 0.014059753954305799, 0.014059753954305799], [0.5029585798816568, 0.14398422090729784, 0.08284023668639054, 0.08284023668639054, 0.07889546351084813, 0.07692307692307693, 0.015779092702169626, 0.015779092702169626], [0.5074946466809421, 0.14989293361884368, 0.08137044967880086, 0.08137044967880086, 0.07708779443254818, 0.07708779443254818, 0.01284796573875803, 0.01284796573875803], [0.5225225225225225, 0.1554054054054054, 0.07657657657657657, 0.07657657657657657, 0.07432432432432433, 0.07207207207207207, 0.01126126126126126, 0.01126126126126126], [0.530562347188264, 0.15403422982885084, 0.07823960880195599, 0.07579462102689487, 0.07090464547677261, 0.07090464547677261, 0.009779951100244499, 0.009779951100244499], [0.5649867374005305, 0.14323607427055704, 0.07692307692307693, 0.06631299734748011, 0.06631299734748011, 0.06631299734748011, 0.007957559681697613, 0.007957559681697613], [0.584045584045584, 0.1396011396011396, 0.07692307692307693, 0.06552706552706553, 0.06552706552706553, 0.06267806267806268], [0.5921052631578947, 0.11842105263157894, 0.08881578947368421, 0.06578947368421052, 0.06578947368421052, 0.0625], [0.5802919708029197, 0.12408759124087591, 0.08759124087591241, 0.06934306569343066, 0.06934306569343066, 0.06204379562043796], [0.5686274509803921, 0.13333333333333333, 0.08235294117647059, 0.07058823529411765, 0.07058823529411765, 0.06666666666666667], [0.583710407239819, 0.14027149321266968, 0.08597285067873303, 0.07239819004524888, 0.058823529411764705, 0.058823529411764705], [0.6127450980392157, 0.14705882352941177, 0.08333333333333333, 0.058823529411764705, 0.049019607843137254, 0.049019607843137254], [0.6610169491525424, 0.15254237288135594, 0.0847457627118644, 0.03389830508474576, 0.03389830508474576, 0.03389830508474576], [0.6727272727272727, 0.1393939393939394, 0.07878787878787878, 0.03636363636363636, 0.03636363636363636, 0.03636363636363636], [0.6713286713286714, 0.14685314685314685, 0.08391608391608392, 0.04195804195804196, 0.027972027972027972, 0.027972027972027972], [0.6403508771929824, 0.13157894736842105, 0.10526315789473684, 0.05263157894736842, 0.03508771929824561, 0.03508771929824561], [0.6808510638297872, 0.1276595744680851, 0.10638297872340426, 0.06382978723404255], [0.6966292134831461, 0.11235955056179775, 0.11235955056179775, 0.056179775280898875], [0.6666666666666666, 0.15, 0.13333333333333333, 0.05], [0.7681159420289855, 0.10144927536231885, 0.10144927536231885], [0.7450980392156863, 0.13725490196078433, 0.0784313725490196], [0.7727272727272727, 0.11363636363636363, 0.06818181818181818], [0.7307692307692307, 0.19230769230769232], [0.7222222222222222, 0.2222222222222222], [0.6153846153846154, 0.3076923076923077], [0.6666666666666666, 0.3333333333333333], [0.7142857142857143], [], []]