{"colors_to_do": [6, 14], "radii": [0.06, 0.065, 0.07, 0.075, 0.08, 0.085, 0.09, 0.095, 0.1, 0.105, 0.11, 0.115, 0.12, 0.125, 0.13, 0.135, 0.14, 0.145, 0.15, 0.155, 0.16, 0.165, 0.17, 0.175, 0.18, 0.185, 0.19, 0.195, 0.2, 0.205, 0.21, 0.215, 0.22, 0.225, 0.23, 0.235, 0.24, 0.245, 0.25, 0.255, 0.26, 0.265, 0.27, 0.275, 0.28, 0.285, 0.29, 0.295, 0.3, 0.305, 0.31, 0.315, 0.32, 0.325, 0.33, 0.335, 0.34, 0.345, 0.35, 0.355, 0.36, 0.365, 0.37, 0.375, 0.38, 0.385, 0.39, 0.395, 0.4, 0.405, 0.41, 0.415, 0.42, 0.425, 0.43, 0.435, 0.44], "structure_url": "https://doi.org/10.1016/j.micromeso.2011.10.042", "wyckoff_positions": ["g", "d"], "min_connection_radius": 0.10372238588334401, "fill_fraction": [0.978946, 0.973076, 0.966411, 0.958579, 0.949773, 0.939741, 0.928656, 0.916101, 0.902058, 0.88669, 0.870247, 0.853702, 0.836652, 0.819167, 0.801153, 0.782862, 0.764198, 0.745241, 0.725967, 0.706865, 0.686859, 0.665802, 0.645712, 0.625446, 0.605139, 0.584328, 0.563593, 0.543254, 0.523085, 0.503238, 0.483799, 0.464377, 0.445413, 0.426779, 0.408643, 0.390921, 0.373508, 0.356569, 0.339967, 0.323874, 0.308066, 0.292659, 0.277735, 0.263113, 0.248981, 0.235414, 0.222108, 0.209212, 0.196548, 0.184673, 0.173376, 0.162768, 0.152673, 0.143209, 0.134305, 0.125934, 0.117884, 0.110217, 0.10298, 0.096108, 0.089713, 0.083604, 0.077648, 0.072084, 0.066795, 0.061575, 0.056922, 0.052542, 0.048081, 0.044267, 0.040402, 0.036858, 0.033544, 0.030851, 0.027614, 0.024848, 0.022258], "code": 183701, "_id(old)": "e89f1592af15ca512bb9a724f4f63bcc", "_structure(old)": "cI18-O2Si_r", "international": "-43m", "radii_to_do": [0.355, 0.27], "omega_stars": [0.6484905062888974, 0.5477920586600542], "sg_number": 217, "pointgroup": "-43m", "has_gap": true, "featured": false, "code_source": "ICSD", "has_gaps_above_band": [6, 14], "has_gaps_of_size": [0.0006982967473810437, 4.994549353948296], "has_gaps_at": [[], [14, 16]], "common_name": "Silica Sodalite", "IBZ_sphericity": 0.7501640692580799, "CN": [2, 4], "site_symmetries": ["-4", "m"], "num_jobs": 116, "photonics_url": "New", "connection_radius": 0.235, "image_keys": {"14": [[0, 0], [45, 0]], "6": [[0, 0], [80, 0]]}, "fix_name": false, "gap_threshold_radii": [0.345, 0.225], "ind": 59, "cr": 0.3, "clusters": [[1.0], [1.0], [1.0], [1.0], [1.0], [1.0], [1.0], [1.0], [1.0], [1.0], [1.0], [1.0], [1.0], [1.0], [1.0], [1.0], [1.0], [1.0], [1.0], [1.0], [1.0], [1.0], [1.0], [1.0], [1.0], [1.0], [1.0], [1.0], [1.0], [1.0], [1.0], [1.0], [1.0], [1.0], [1.0], [1.0], [1.0], [1.0], [1.0], [1.0], [1.0], [1.0], [1.0], [1.0], [1.0], [1.0], [1.0], [0.9323671497584541, 0.06763285024154589], [0.9331352154531947, 0.06686478454680535], [0.8508500772797527, 0.06723338485316847, 0.04095826893353941, 0.04095826893353941], [0.8489208633093526, 0.06794564348521183, 0.04156674660271783, 0.04156674660271783], [0.8560477001703578, 0.06729131175468483, 0.03833049403747871, 0.03833049403747871], [0.863593603010348, 0.06867356538099718, 0.03386641580432737, 0.03386641580432737], [0.8653846153846154, 0.07186234817813765, 0.03137651821862348, 0.03137651821862348], [0.8675847457627118, 0.07097457627118645, 0.03072033898305085, 0.03072033898305085], [0.7113636363636363, 0.08181818181818182, 0.08181818181818182, 0.06818181818181818, 0.028409090909090908, 0.028409090909090908], [0.7028639618138425, 0.08591885441527446, 0.08591885441527446, 0.07040572792362769, 0.027446300715990454, 0.027446300715990454], [0.7148541114058355, 0.07824933687002653, 0.07692307692307693, 0.07692307692307693, 0.026525198938992044, 0.026525198938992044], [0.7074542897327707, 0.08016877637130802, 0.08016877637130802, 0.0759493670886076, 0.02812939521800281, 0.02812939521800281], [0.6698717948717948, 0.07852564102564102, 0.07532051282051282, 0.07532051282051282, 0.06891025641025642, 0.016025641025641024, 0.016025641025641024], [0.5258064516129032, 0.14193548387096774, 0.07580645161290323, 0.07580645161290323, 0.07258064516129033, 0.06935483870967742, 0.01935483870967742, 0.01935483870967742], [0.523725834797891, 0.1546572934973638, 0.07557117750439367, 0.07557117750439367, 0.07205623901581722, 0.070298769771529, 0.014059753954305799, 0.014059753954305799], [0.5029585798816568, 0.14398422090729784, 0.08284023668639054, 0.08284023668639054, 0.07889546351084813, 0.07692307692307693, 0.015779092702169626, 0.015779092702169626], [0.5074946466809421, 0.14989293361884368, 0.08137044967880086, 0.08137044967880086, 0.07708779443254818, 0.07708779443254818, 0.01284796573875803, 0.01284796573875803], [0.5225225225225225, 0.1554054054054054, 0.07657657657657657, 0.07657657657657657, 0.07432432432432433, 0.07207207207207207, 0.01126126126126126, 0.01126126126126126], [0.530562347188264, 0.15403422982885084, 0.07823960880195599, 0.07579462102689487, 0.07090464547677261, 0.07090464547677261, 0.009779951100244499, 0.009779951100244499], [0.5649867374005305, 0.14323607427055704, 0.07692307692307693, 0.06631299734748011, 0.06631299734748011, 0.06631299734748011, 0.007957559681697613, 0.007957559681697613], [0.584045584045584, 0.1396011396011396, 0.07692307692307693, 0.06552706552706553, 0.06552706552706553, 0.06267806267806268], [0.5921052631578947, 0.11842105263157894, 0.08881578947368421, 0.06578947368421052, 0.06578947368421052, 0.0625], [0.5802919708029197, 0.12408759124087591, 0.08759124087591241, 0.06934306569343066, 0.06934306569343066, 0.06204379562043796], [0.5686274509803921, 0.13333333333333333, 0.08235294117647059, 0.07058823529411765, 0.07058823529411765, 0.06666666666666667], [0.583710407239819, 0.14027149321266968, 0.08597285067873303, 0.07239819004524888, 0.058823529411764705, 0.058823529411764705], [0.6127450980392157, 0.14705882352941177, 0.08333333333333333, 0.058823529411764705, 0.049019607843137254, 0.049019607843137254], [0.6610169491525424, 0.15254237288135594, 0.0847457627118644, 0.03389830508474576, 0.03389830508474576, 0.03389830508474576], [0.6727272727272727, 0.1393939393939394, 0.07878787878787878, 0.03636363636363636, 0.03636363636363636, 0.03636363636363636], [0.6713286713286714, 0.14685314685314685, 0.08391608391608392, 0.04195804195804196, 0.027972027972027972, 0.027972027972027972], [0.6403508771929824, 0.13157894736842105, 0.10526315789473684, 0.05263157894736842, 0.03508771929824561, 0.03508771929824561], [0.6808510638297872, 0.1276595744680851, 0.10638297872340426, 0.06382978723404255], [0.6966292134831461, 0.11235955056179775, 0.11235955056179775, 0.056179775280898875], [0.6666666666666666, 0.15, 0.13333333333333333, 0.05], [0.7681159420289855, 0.10144927536231885, 0.10144927536231885], [0.7450980392156863, 0.13725490196078433, 0.0784313725490196], [0.7727272727272727, 0.11363636363636363, 0.06818181818181818], [0.7307692307692307, 0.19230769230769232], [0.7222222222222222, 0.2222222222222222], [0.6153846153846154, 0.3076923076923077], [0.6666666666666666, 0.3333333333333333], [0.7142857142857143], [], []], "connection_radii": [[0.2, 0.25, 0.3, 0.35, 0.4, 0.45, 0.5, 0.55, 0.6, 0.65, 0.7, 0.75, 0.8, 0.85, 0.9, 0.95], [0.44, 0.44, 0.44, 0.44, 0.44, 0.44, 0.44, 0.3, 0.3, 0.3, 0.295, 0.275, 0.275, 0.25, 0.245, 0.235]], "min_connection_phi": 0.88669, "proportion_of_high_eps_in_largest_cluster": [1.0, 1.0, 1.0, 1.0, 1.0, 1.0, 1.0, 1.0, 1.0, 1.0, 1.0, 1.0, 1.0, 1.0, 1.0, 1.0, 1.0, 1.0, 1.0, 1.0, 1.0, 1.0, 1.0, 1.0, 1.0, 1.0, 1.0, 1.0, 1.0, 1.0, 1.0, 1.0, 1.0, 1.0, 1.0, 1.0, 1.0, 1.0, 1.0, 1.0, 1.0, 1.0, 1.0, 1.0, 1.0, 1.0, 1.0, 0.9323671497584541, 0.9331352154531947, 0.8508500772797527, 0.8489208633093526, 0.8560477001703578, 0.863593603010348, 0.8653846153846154, 0.8675847457627118, 0.7113636363636363, 0.7028639618138425, 0.7148541114058355, 0.7074542897327707, 0.6698717948717948, 0.5258064516129032, 0.523725834797891, 0.5029585798816568, 0.5074946466809421, 0.5225225225225225, 0.530562347188264, 0.5649867374005305, 0.584045584045584, 0.5921052631578947, 0.5802919708029197, 0.5686274509803921, 0.583710407239819, 0.6127450980392157, 0.6610169491525424, 0.6727272727272727, 0.6713286713286714, 0.6403508771929824, 0.6808510638297872, 0.6966292134831461, 0.6666666666666666, 0.7681159420289855, 0.7450980392156863, 0.7727272727272727, 0.7307692307692307, 0.7222222222222222, 0.6153846153846154, 0.6666666666666666, 0.7142857142857143, 0.0, 0.0], "not_tags": ["chiral", "gap_optimized_when_high_eps_connected"], "tags": ["gap_optimized_when_high_eps_disconnected"], "old_cp": 0.88669, "connection_phi": 0.390921, "void_connection_phi": 0.198814, "kp_labels": ["GAMMA", "H", "N", "GAMMA", "P", "H", "P", "N"], "kpoints": [[0.0, 0.0, 0.0], [0.5, -0.5, 0.5], [0.0, 0.0, 0.5], [0.0, 0.0, 0.0], [0.25, 0.25, 0.25], [0.5, -0.5, 0.5], [0.25, 0.25, 0.25], [0.0, 0.0, 0.5]], "ready": true, "pdos_stored": true}