[[1.0], [1.0], [1.0], [1.0], [1.0], [1.0], [1.0], [1.0], [1.0], [1.0], [1.0], [1.0], [1.0], [1.0], [1.0], [1.0], [1.0], [1.0], [1.0], [1.0], [1.0], [1.0], [1.0], [1.0], [1.0], [1.0], [1.0], [1.0], [1.0], [1.0], [1.0], [1.0], [0.9717813051146384, 0.02821869488536155], [0.9561243144424132, 0.029250457038391225, 0.014625228519195612], [0.9594594594594594, 0.02895752895752896, 0.011583011583011582], [0.9582504970178927, 0.02982107355864811, 0.011928429423459244], [0.9604166666666667, 0.027083333333333334, 0.0125], [0.8093126385809313, 0.15521064301552107, 0.026607538802660754, 0.008869179600886918], [0.8160377358490566, 0.14622641509433962, 0.02830188679245283, 0.009433962264150943], [0.8369304556354916, 0.13189448441247004, 0.026378896882494004, 0.004796163069544364], [0.8236842105263158, 0.14210526315789473, 0.02894736842105263, 0.005263157894736842], [0.8292011019283747, 0.1349862258953168, 0.030303030303030304, 0.005509641873278237], [0.8390804597701149, 0.1235632183908046, 0.031609195402298854, 0.005747126436781609], [0.8537313432835821, 0.11343283582089553, 0.026865671641791045, 0.005970149253731343], [0.868421052631579, 0.0756578947368421, 0.02631578947368421, 0.023026315789473683, 0.006578947368421052], [0.8727272727272727, 0.08, 0.025454545454545455, 0.01818181818181818, 0.0036363636363636364], [0.9, 0.06666666666666667, 0.016666666666666666, 0.0125, 0.004166666666666667], [0.9198113207547169, 0.05660377358490566, 0.014150943396226415, 0.0047169811320754715, 0.0047169811320754715], [0.93717277486911, 0.04712041884816754, 0.010471204188481676, 0.005235602094240838], [0.9316770186335404, 0.049689440993788817, 0.012422360248447204, 0.006211180124223602], [0.9241379310344827, 0.05517241379310345, 0.013793103448275862, 0.006896551724137931], [0.96, 0.024, 0.016], [0.9642857142857143, 0.026785714285714284, 0.008928571428571428], [0.9595959595959596, 0.030303030303030304, 0.010101010101010102], [0.9666666666666667, 0.022222222222222223, 0.011111111111111112], [0.9726027397260274, 0.0136986301369863, 0.0136986301369863], [1.0]]