[[], [], [], [], [], [], [], [], [], [], [], [], [0.16, 0.16, 0.16], [0.16, 0.1, 0.08, 0.08, 0.08, 0.08, 0.08], [0.16666666666666666, 0.16666666666666666, 0.16666666666666666, 0.07575757575757576, 0.06060606060606061, 0.06060606060606061, 0.06060606060606061, 0.045454545454545456, 0.045454545454545456, 0.045454545454545456], [0.2073170731707317, 0.2073170731707317, 0.18292682926829268, 0.06097560975609756, 0.04878048780487805, 0.04878048780487805, 0.04878048780487805, 0.036585365853658534, 0.036585365853658534, 0.036585365853658534], [0.20454545454545456, 0.20454545454545456, 0.18181818181818182, 0.13636363636363635, 0.045454545454545456, 0.045454545454545456, 0.03409090909090909, 0.03409090909090909, 0.03409090909090909], [0.18333333333333332, 0.16666666666666666, 0.16666666666666666, 0.15833333333333333, 0.08333333333333333, 0.08333333333333333, 0.03333333333333333, 0.03333333333333333, 0.03333333333333333], [0.17985611510791366, 0.17985611510791366, 0.17266187050359713, 0.15827338129496402, 0.07194244604316546, 0.07194244604316546, 0.04316546762589928, 0.03597122302158273, 0.03597122302158273], [0.4074074074074074, 0.15432098765432098, 0.1111111111111111, 0.1111111111111111, 0.06172839506172839, 0.037037037037037035, 0.037037037037037035, 0.037037037037037035], [0.6030150753768844, 0.18592964824120603, 0.18090452261306533], [0.6106194690265486, 0.19911504424778761, 0.16371681415929204], [0.7735191637630662, 0.18466898954703834, 0.013937282229965157, 0.013937282229965157], [0.732484076433121, 0.1910828025477707, 0.012738853503184714, 0.012738853503184714, 0.012738853503184714, 0.012738853503184714, 0.012738853503184714, 0.012738853503184714], [0.7493036211699164, 0.18384401114206128, 0.011142061281337047, 0.011142061281337047, 0.011142061281337047, 0.011142061281337047, 0.011142061281337047, 0.011142061281337047], [0.7336561743341404, 0.20823244552058112, 0.009685230024213076, 0.009685230024213076, 0.009685230024213076, 0.009685230024213076, 0.009685230024213076, 0.009685230024213076], [0.7367256637168141, 0.20353982300884957, 0.011061946902654867, 0.011061946902654867, 0.011061946902654867, 0.008849557522123894, 0.008849557522123894, 0.008849557522123894], [0.7402862985685071, 0.20449897750511248, 0.010224948875255624, 0.010224948875255624, 0.010224948875255624, 0.0081799591002045, 0.0081799591002045, 0.0081799591002045], [0.7332053742802304, 0.21497120921305182, 0.009596928982725527, 0.009596928982725527, 0.009596928982725527, 0.007677543186180422, 0.007677543186180422, 0.007677543186180422], [0.717607973421927, 0.21262458471760798, 0.011627906976744186, 0.011627906976744186, 0.011627906976744186, 0.011627906976744186, 0.011627906976744186, 0.011627906976744186], [0.7312977099236642, 0.20458015267175572, 0.010687022900763359, 0.010687022900763359, 0.010687022900763359, 0.010687022900763359, 0.010687022900763359, 0.010687022900763359], [0.7222982216142271, 0.21203830369357046, 0.012311901504787962, 0.012311901504787962, 0.012311901504787962, 0.009575923392612859, 0.009575923392612859, 0.009575923392612859], [0.7105263157894737, 0.21804511278195488, 0.015037593984962405, 0.015037593984962405, 0.015037593984962405, 0.008771929824561403, 0.008771929824561403, 0.008771929824561403], [0.7125603864734299, 0.21859903381642512, 0.014492753623188406, 0.014492753623188406, 0.014492753623188406, 0.008454106280193236, 0.008454106280193236, 0.008454106280193236], [0.7026431718061674, 0.21475770925110133, 0.015418502202643172, 0.015418502202643172, 0.015418502202643172, 0.012114537444933921, 0.012114537444933921, 0.012114537444933921], [0.7125, 0.209375, 0.014583333333333334, 0.014583333333333334, 0.014583333333333334, 0.011458333333333333, 0.011458333333333333, 0.011458333333333333], [0.7495069033530573, 0.20907297830374755, 0.013806706114398421, 0.013806706114398421, 0.013806706114398421], [0.7410795974382434, 0.21500457456541627, 0.01463860933211345, 0.01463860933211345, 0.01463860933211345], [0.7419898819561551, 0.20236087689713322, 0.01854974704890388, 0.01854974704890388, 0.01854974704890388], [0.7507763975155279, 0.19798136645962733, 0.017080745341614908, 0.017080745341614908, 0.017080745341614908], [0.7490636704119851, 0.19700374531835205, 0.017977528089887642, 0.017977528089887642, 0.017977528089887642], [0.7417503586800573, 0.20229555236728838, 0.018651362984218076, 0.018651362984218076, 0.018651362984218076], [0.7411444141689373, 0.20367847411444143, 0.018392370572207085, 0.018392370572207085, 0.018392370572207085], [0.7417688831504197, 0.20593931568754034, 0.017430600387346677, 0.017430600387346677, 0.017430600387346677], [0.7421731123388582, 0.20441988950276244, 0.01780233271945979, 0.01780233271945979, 0.01780233271945979], [0.7494061757719715, 0.1989311163895487, 0.0172209026128266, 0.0172209026128266, 0.0172209026128266], [0.74482372691662, 0.19809736989367654, 0.019026301063234472, 0.019026301063234472, 0.019026301063234472], [0.7457805907172996, 0.1940928270042194, 0.020042194092827006, 0.020042194092827006, 0.020042194092827006], [0.7421289355322339, 0.191904047976012, 0.021989005497251374, 0.021989005497251374, 0.021989005497251374], [0.7367915465898175, 0.19404418828049952, 0.023054755043227664, 0.023054755043227664, 0.023054755043227664], [0.7273571760334417, 0.20297259637714818, 0.023223409196470042, 0.023223409196470042, 0.023223409196470042], [0.7211581291759466, 0.20489977728285078, 0.022271714922048998, 0.022271714922048998, 0.022271714922048998, 0.0035634743875278397, 0.0035634743875278397], [0.7215464813205907, 0.2050390964378801, 0.022154648132059078, 0.022154648132059078, 0.022154648132059078, 0.0034752389226759338, 0.0034752389226759338], [0.7727272727272727, 0.20537190082644627, 0.021900826446280993], [1.0], [1.0], [1.0], [1.0], [1.0], [1.0], [1.0], [1.0], [1.0], [1.0], [1.0], [1.0], [1.0], [1.0], [1.0], [1.0], [1.0], [1.0], [1.0], [1.0], [1.0], [1.0], [1.0], [1.0]]