[[], [], [0.2857142857142857, 0.2857142857142857, 0.10714285714285714, 0.10714285714285714, 0.10714285714285714], [0.16363636363636364, 0.16363636363636364, 0.16363636363636364, 0.14545454545454545, 0.14545454545454545, 0.07272727272727272, 0.07272727272727272, 0.07272727272727272], [0.226890756302521, 0.19327731092436976, 0.13445378151260504, 0.13445378151260504, 0.13445378151260504, 0.058823529411764705, 0.058823529411764705, 0.058823529411764705], [0.21348314606741572, 0.19662921348314608, 0.12921348314606743, 0.12921348314606743, 0.12921348314606743, 0.06741573033707865, 0.06741573033707865, 0.06741573033707865], [0.19377162629757785, 0.19377162629757785, 0.1245674740484429, 0.1245674740484429, 0.1245674740484429, 0.07958477508650519, 0.07958477508650519, 0.07958477508650519], [0.20279720279720279, 0.1958041958041958, 0.12121212121212122, 0.12121212121212122, 0.12121212121212122, 0.07925407925407925, 0.07925407925407925, 0.07925407925407925], [0.21016949152542372, 0.21016949152542372, 0.1152542372881356, 0.1152542372881356, 0.1152542372881356, 0.07796610169491526, 0.07796610169491526, 0.07796610169491526], [0.1964956195244055, 0.1964956195244055, 0.11889862327909888, 0.11889862327909888, 0.11889862327909888, 0.08385481852315395, 0.08385481852315395, 0.08260325406758448], [0.19864341085271317, 0.1928294573643411, 0.11724806201550388, 0.11627906976744186, 0.11627906976744186, 0.08624031007751938, 0.08624031007751938, 0.08624031007751938], [0.21002906976744187, 0.2056686046511628, 0.11119186046511628, 0.11119186046511628, 0.11119186046511628, 0.08357558139534883, 0.08357558139534883, 0.08357558139534883], [0.1970326409495549, 0.1970326409495549, 0.11335311572700296, 0.11335311572700296, 0.11335311572700296, 0.08902077151335312, 0.0884272997032641, 0.0884272997032641], [0.19962157048249762, 0.19820245979186377, 0.11258278145695365, 0.11258278145695365, 0.11258278145695365, 0.08845789971617786, 0.0879848628192999, 0.0879848628192999], [0.20085304381543234, 0.20007754943776657, 0.11089569600620396, 0.11089569600620396, 0.11089569600620396, 0.08879410624272974, 0.08879410624272974, 0.08879410624272974], [0.2037808394745274, 0.19961550785004806, 0.10829862223646267, 0.10797821211150273, 0.10797821211150273, 0.08779237423902596, 0.087471964114066, 0.087471964114066, 0.002242870874719641, 0.002242870874719641, 0.002242870874719641, 0.0009612303748798462, 0.0009612303748798462, 0.0009612303748798462], [0.19630735813195765, 0.19223459136573445, 0.10724952484387727, 0.1069780070594624, 0.1069780070594624, 0.089872386641325, 0.08960086885691013, 0.08960086885691013, 0.0035297311973934292, 0.0035297311973934292, 0.0035297311973934292, 0.0024436600597339125, 0.0024436600597339125, 0.0024436600597339125, 0.0010860711376595167, 0.0010860711376595167, 0.0010860711376595167], [0.20396536007292615, 0.19165907019143116, 0.10369188696444849, 0.10369188696444849, 0.10369188696444849, 0.08637192342752963, 0.08637192342752963, 0.08637192342752963, 0.004329990884229718, 0.004329990884229718, 0.004329990884229718, 0.0036463081130355514, 0.0036463081130355514, 0.0036463081130355514, 0.0034184138559708297, 0.0034184138559708297, 0.0034184138559708297], [0.2005819592628516, 0.18176527643064985, 0.1020368574199806, 0.1020368574199806, 0.1020368574199806, 0.08690591658583899, 0.08671193016488846, 0.08671193016488846, 0.006401551891367604, 0.006401551891367604, 0.006401551891367604, 0.006207565470417071, 0.006207565470417071, 0.006207565470417071, 0.0044616876818622695, 0.0044616876818622695, 0.0044616876818622695], [0.1999326825984517, 0.1730057219791316, 0.10131268933019186, 0.10131268933019186, 0.10131268933019186, 0.0854930999663413, 0.0854930999663413, 0.0854930999663413, 0.00841467519353753, 0.00841467519353753, 0.00841467519353753, 0.007909794681925278, 0.007909794681925278, 0.007909794681925278, 0.005890272635476271, 0.005890272635476271, 0.005890272635476271], [0.20084290074117134, 0.1681441650922831, 0.09882284551664003, 0.09882284551664003, 0.09882284551664003, 0.0844354018311292, 0.08429007411713414, 0.08429007411713414, 0.010754250835634355, 0.010754250835634355, 0.010754250835634355, 0.009155645981688708, 0.009155645981688708, 0.009155645981688708, 0.007266385699752943, 0.007266385699752943, 0.007266385699752943], [0.19956726485936108, 0.1606211022018582, 0.09672903143693522, 0.09672903143693522, 0.09672903143693522, 0.08451062746595393, 0.08438335242458954, 0.08438335242458954, 0.013236604301896398, 0.013236604301896398, 0.013236604301896398, 0.010436553391879853, 0.010309278350515464, 0.010309278350515464, 0.008527427771414025, 0.008527427771414025, 0.008527427771414025], [0.19842064286508732, 0.15237459681904125, 0.09553998442887332, 0.09553998442887332, 0.09553998442887332, 0.08341675008341674, 0.08341675008341674, 0.0833055277499722, 0.016016016016016016, 0.016016016016016016, 0.015793571349126904, 0.012123234345456568, 0.012123234345456568, 0.012012012012012012, 0.009453898342787231, 0.009453898342787231, 0.009453898342787231], [0.4815034033737792, 0.199368649501825, 0.08197691624741048, 0.08197691624741048, 0.08197691624741048, 0.012922955509519581, 0.012824306994179737, 0.012824306994179737, 0.011147282233402387, 0.011147282233402387, 0.011147282233402387, 0.0003945940613593765, 0.0003945940613593765, 0.0003945940613593765], [0.47621945917746283, 0.20067820189548735, 0.08112338057560212, 0.08112338057560212, 0.0810364316146422, 0.014346578558386227, 0.014346578558386227, 0.014346578558386227, 0.011738109729588731, 0.011738109729588731, 0.011738109729588731, 0.0005216937657594992, 0.0005216937657594992, 0.0005216937657594992], [0.46987951807228917, 0.19836766420520793, 0.0807617567042363, 0.0807617567042363, 0.0807617567042363, 0.01539059463661096, 0.01539059463661096, 0.01539059463661096, 0.01352506801399145, 0.01352506801399145, 0.01344733773804897, 0.0009327633113097552, 0.0009327633113097552, 0.0009327633113097552], [0.7059685863874345, 0.20230366492146598, 0.016474694589877836, 0.016474694589877836, 0.016474694589877836, 0.014101221640488656, 0.014101221640488656, 0.014101221640488656], [0.6987012987012987, 0.20209059233449478, 0.017738359201773836, 0.017738359201773836, 0.017738359201773836, 0.015331010452961672, 0.015331010452961672, 0.015331010452961672], [0.9502358761937637, 0.016568864342423197, 0.016568864342423197, 0.016568864342423197], [0.9999473268369765], [1.0], [1.0], [1.0], [1.0], [1.0], [1.0], [1.0], [1.0], [1.0], [1.0], [1.0], [1.0], [1.0], [1.0], [1.0], [1.0], [1.0], [1.0]]