{"colors_to_do": [16, 17], "radii": [0.1, 0.11, 0.12, 0.13, 0.14, 0.15, 0.16, 0.17, 0.18, 0.19, 0.2, 0.21, 0.22, 0.23, 0.24, 0.25, 0.26, 0.27, 0.28, 0.29, 0.3, 0.31, 0.32, 0.33, 0.34, 0.35, 0.36, 0.37, 0.38, 0.39, 0.4, 0.41, 0.42, 0.43], "structure_url": "https://doi.org/10.1088/0953-8984/13/10/321", "wyckoff_positions": ["b", "a"], "min_connection_radius": 0.2591277339460213, "fill_fraction": [0.02094, 0.027873, 0.036208, 0.046033, 0.057487, 0.0707, 0.085797, 0.10291, 0.122157, 0.14367, 0.167566, 0.193974, 0.223029, 0.254839, 0.289541, 0.327264, 0.368119, 0.411415, 0.455638, 0.501342, 0.548336, 0.596353, 0.644717, 0.690684, 0.732953, 0.772146, 0.80847, 0.841324, 0.871567, 0.900085, 0.925099, 0.946475, 0.963254, 0.976419], "code": 1510007, "_id(old)": "00ed54e1fd8ee5454d6b980a94f55c1a", "_structure(old)": "hR5-Ag3IS", "international": "3", "radii_to_do": [0.24, 0.22], "omega_stars": [0.556846013116473, 0.606020783267357], "sg_number": 146, "pointgroup": "3", "has_gap": true, "featured": false, "code_source": "COD", "has_gaps_above_band": [16, 17], "has_gaps_of_size": [0.3632725587848304, 0.1563858275364666], "has_gaps_at": [[14, 16], [16]], "common_name": "Gold Sulfur Iodide", "IBZ_sphericity": 0.5235987755982993, "CN": [2, 6], "site_symmetries": ["1", "3"], "num_jobs": 54, "photonics_url": "New", "connection_radius": 0.3, "image_keys": {"16": [[0, 0], [0, 90], [45, 45], [90, 0]], "17": [[0, 0], [0, 90], [45, 45], [90, 0]]}, "fix_name": false, "gap_threshold_radii": [0.24, 0.21], "clusters": [[], [], [0.2857142857142857, 0.2857142857142857, 0.10714285714285714, 0.10714285714285714, 0.10714285714285714], [0.16363636363636364, 0.16363636363636364, 0.16363636363636364, 0.14545454545454545, 0.14545454545454545, 0.07272727272727272, 0.07272727272727272, 0.07272727272727272], [0.226890756302521, 0.19327731092436976, 0.13445378151260504, 0.13445378151260504, 0.13445378151260504, 0.058823529411764705, 0.058823529411764705, 0.058823529411764705], [0.21348314606741572, 0.19662921348314608, 0.12921348314606743, 0.12921348314606743, 0.12921348314606743, 0.06741573033707865, 0.06741573033707865, 0.06741573033707865], [0.19377162629757785, 0.19377162629757785, 0.1245674740484429, 0.1245674740484429, 0.1245674740484429, 0.07958477508650519, 0.07958477508650519, 0.07958477508650519], [0.20279720279720279, 0.1958041958041958, 0.12121212121212122, 0.12121212121212122, 0.12121212121212122, 0.07925407925407925, 0.07925407925407925, 0.07925407925407925], [0.21016949152542372, 0.21016949152542372, 0.1152542372881356, 0.1152542372881356, 0.1152542372881356, 0.07796610169491526, 0.07796610169491526, 0.07796610169491526], [0.1964956195244055, 0.1964956195244055, 0.11889862327909888, 0.11889862327909888, 0.11889862327909888, 0.08385481852315395, 0.08385481852315395, 0.08260325406758448], [0.19864341085271317, 0.1928294573643411, 0.11724806201550388, 0.11627906976744186, 0.11627906976744186, 0.08624031007751938, 0.08624031007751938, 0.08624031007751938], [0.21002906976744187, 0.2056686046511628, 0.11119186046511628, 0.11119186046511628, 0.11119186046511628, 0.08357558139534883, 0.08357558139534883, 0.08357558139534883], [0.1970326409495549, 0.1970326409495549, 0.11335311572700296, 0.11335311572700296, 0.11335311572700296, 0.08902077151335312, 0.0884272997032641, 0.0884272997032641], [0.19962157048249762, 0.19820245979186377, 0.11258278145695365, 0.11258278145695365, 0.11258278145695365, 0.08845789971617786, 0.0879848628192999, 0.0879848628192999], [0.20085304381543234, 0.20007754943776657, 0.11089569600620396, 0.11089569600620396, 0.11089569600620396, 0.08879410624272974, 0.08879410624272974, 0.08879410624272974], [0.2037808394745274, 0.19961550785004806, 0.10829862223646267, 0.10797821211150273, 0.10797821211150273, 0.08779237423902596, 0.087471964114066, 0.087471964114066, 0.002242870874719641, 0.002242870874719641, 0.002242870874719641, 0.0009612303748798462, 0.0009612303748798462, 0.0009612303748798462], [0.19630735813195765, 0.19223459136573445, 0.10724952484387727, 0.1069780070594624, 0.1069780070594624, 0.089872386641325, 0.08960086885691013, 0.08960086885691013, 0.0035297311973934292, 0.0035297311973934292, 0.0035297311973934292, 0.0024436600597339125, 0.0024436600597339125, 0.0024436600597339125, 0.0010860711376595167, 0.0010860711376595167, 0.0010860711376595167], [0.20396536007292615, 0.19165907019143116, 0.10369188696444849, 0.10369188696444849, 0.10369188696444849, 0.08637192342752963, 0.08637192342752963, 0.08637192342752963, 0.004329990884229718, 0.004329990884229718, 0.004329990884229718, 0.0036463081130355514, 0.0036463081130355514, 0.0036463081130355514, 0.0034184138559708297, 0.0034184138559708297, 0.0034184138559708297], [0.2005819592628516, 0.18176527643064985, 0.1020368574199806, 0.1020368574199806, 0.1020368574199806, 0.08690591658583899, 0.08671193016488846, 0.08671193016488846, 0.006401551891367604, 0.006401551891367604, 0.006401551891367604, 0.006207565470417071, 0.006207565470417071, 0.006207565470417071, 0.0044616876818622695, 0.0044616876818622695, 0.0044616876818622695], [0.1999326825984517, 0.1730057219791316, 0.10131268933019186, 0.10131268933019186, 0.10131268933019186, 0.0854930999663413, 0.0854930999663413, 0.0854930999663413, 0.00841467519353753, 0.00841467519353753, 0.00841467519353753, 0.007909794681925278, 0.007909794681925278, 0.007909794681925278, 0.005890272635476271, 0.005890272635476271, 0.005890272635476271], [0.20084290074117134, 0.1681441650922831, 0.09882284551664003, 0.09882284551664003, 0.09882284551664003, 0.0844354018311292, 0.08429007411713414, 0.08429007411713414, 0.010754250835634355, 0.010754250835634355, 0.010754250835634355, 0.009155645981688708, 0.009155645981688708, 0.009155645981688708, 0.007266385699752943, 0.007266385699752943, 0.007266385699752943], [0.19956726485936108, 0.1606211022018582, 0.09672903143693522, 0.09672903143693522, 0.09672903143693522, 0.08451062746595393, 0.08438335242458954, 0.08438335242458954, 0.013236604301896398, 0.013236604301896398, 0.013236604301896398, 0.010436553391879853, 0.010309278350515464, 0.010309278350515464, 0.008527427771414025, 0.008527427771414025, 0.008527427771414025], [0.19842064286508732, 0.15237459681904125, 0.09553998442887332, 0.09553998442887332, 0.09553998442887332, 0.08341675008341674, 0.08341675008341674, 0.0833055277499722, 0.016016016016016016, 0.016016016016016016, 0.015793571349126904, 0.012123234345456568, 0.012123234345456568, 0.012012012012012012, 0.009453898342787231, 0.009453898342787231, 0.009453898342787231], [0.4815034033737792, 0.199368649501825, 0.08197691624741048, 0.08197691624741048, 0.08197691624741048, 0.012922955509519581, 0.012824306994179737, 0.012824306994179737, 0.011147282233402387, 0.011147282233402387, 0.011147282233402387, 0.0003945940613593765, 0.0003945940613593765, 0.0003945940613593765], [0.47621945917746283, 0.20067820189548735, 0.08112338057560212, 0.08112338057560212, 0.0810364316146422, 0.014346578558386227, 0.014346578558386227, 0.014346578558386227, 0.011738109729588731, 0.011738109729588731, 0.011738109729588731, 0.0005216937657594992, 0.0005216937657594992, 0.0005216937657594992], [0.46987951807228917, 0.19836766420520793, 0.0807617567042363, 0.0807617567042363, 0.0807617567042363, 0.01539059463661096, 0.01539059463661096, 0.01539059463661096, 0.01352506801399145, 0.01352506801399145, 0.01344733773804897, 0.0009327633113097552, 0.0009327633113097552, 0.0009327633113097552], [0.7059685863874345, 0.20230366492146598, 0.016474694589877836, 0.016474694589877836, 0.016474694589877836, 0.014101221640488656, 0.014101221640488656, 0.014101221640488656], [0.6987012987012987, 0.20209059233449478, 0.017738359201773836, 0.017738359201773836, 0.017738359201773836, 0.015331010452961672, 0.015331010452961672, 0.015331010452961672], [0.9502358761937637, 0.016568864342423197, 0.016568864342423197, 0.016568864342423197], [0.9999473268369765], [1.0], [1.0], [1.0], [1.0], [1.0], [1.0], [1.0], [1.0], [1.0], [1.0], [1.0], [1.0], [1.0], [1.0], [1.0], [1.0], [1.0], [1.0]], "connection_phi": 0.501342, "connection_radii": [[0.2, 0.25, 0.3, 0.35, 0.4, 0.45, 0.5, 0.55, 0.6, 0.65, 0.7, 0.75, 0.8, 0.85, 0.9, 0.95], [0.25, 0.25, 0.25, 0.25, 0.25, 0.25, 0.28, 0.28, 0.28, 0.28, 0.3, 0.3, 0.3, 0.3, 0.3, 0.3]], "min_connection_phi": 0.327264, "proportion_of_high_eps_in_largest_cluster": [0.0, 0.0, 0.2857142857142857, 0.16363636363636364, 0.226890756302521, 0.21348314606741572, 0.19377162629757785, 0.20279720279720279, 0.21016949152542372, 0.1964956195244055, 0.19864341085271317, 0.21002906976744187, 0.1970326409495549, 0.19962157048249762, 0.20085304381543234, 0.2037808394745274, 0.19630735813195765, 0.20396536007292615, 0.2005819592628516, 0.1999326825984517, 0.20084290074117134, 0.19956726485936108, 0.19842064286508732, 0.4815034033737792, 0.47621945917746283, 0.46987951807228917, 0.7059685863874345, 0.6987012987012987, 0.9502358761937637, 0.9999473268369765, 1.0, 1.0, 1.0, 1.0, 1.0, 1.0, 1.0, 1.0, 1.0, 1.0, 1.0, 1.0, 1.0, 1.0, 1.0, 1.0, 1.0, 1.0], "not_tags": ["chiral", "diamond_derivative", "gap_optimized_when_high_eps_connected", "gap_optimized_when_high_eps_touching"], "tags": ["gap_optimized_when_high_eps_disconnected", "gap_optimized_when_high_eps_not_touching", "nonenantiogenic"], "void_connection_phi": 0.087081, "kp_labels": ["T", "H_2", "H_0", "L", "GAMMA", "S_0", "S_2", "F", "GAMMA"], "kpoints": [[0.5, 0.5, 0.5], [0.4999999999999999, 0.5000000000000001, 0.5], [0.5, -0.5000000000000001, 0.5000000000000001], [0.5, 0.0, 0.0], [0.0, 0.0, 0.0], [0.5, -0.5, 0.0], [0.5, 0.0, 0.5], [0.5, 0.0, 0.5], [0.0, 0.0, 0.0]], "bz_approved": true, "ready": true, "pdos_stored": true}