[[], [], [], [], [], [], [], [], [], [], [], [], [], [0.15789473684210525, 0.15789473684210525, 0.15789473684210525, 0.15789473684210525], [0.17391304347826086, 0.17391304347826086, 0.17391304347826086, 0.17391304347826086], [0.14634146341463414, 0.14634146341463414, 0.12195121951219512, 0.12195121951219512, 0.0975609756097561, 0.0975609756097561, 0.0975609756097561, 0.0975609756097561], [0.1320754716981132, 0.1320754716981132, 0.1320754716981132, 0.1320754716981132, 0.11320754716981132, 0.11320754716981132, 0.09433962264150944, 0.09433962264150944], [0.15384615384615385, 0.12307692307692308, 0.12307692307692308, 0.1076923076923077, 0.1076923076923077, 0.1076923076923077, 0.1076923076923077, 0.09230769230769231], [0.12987012987012986, 0.12987012987012986, 0.12987012987012986, 0.12987012987012986, 0.12987012987012986, 0.1038961038961039, 0.1038961038961039, 0.07792207792207792], [0.11764705882352941, 0.11764705882352941, 0.11764705882352941, 0.11764705882352941, 0.11764705882352941, 0.11764705882352941, 0.09411764705882353, 0.09411764705882353, 0.058823529411764705], [0.125, 0.125, 0.125, 0.125, 0.1171875, 0.109375, 0.0859375, 0.0859375, 0.0390625, 0.03125, 0.03125], [0.1323529411764706, 0.1323529411764706, 0.1323529411764706, 0.1323529411764706, 0.11029411764705882, 0.10294117647058823, 0.08088235294117647, 0.08088235294117647, 0.03676470588235294, 0.029411764705882353, 0.029411764705882353], [0.13690476190476192, 0.11904761904761904, 0.11904761904761904, 0.11904761904761904, 0.11904761904761904, 0.09523809523809523, 0.09523809523809523, 0.08333333333333333, 0.041666666666666664, 0.041666666666666664, 0.02976190476190476], [0.12234042553191489, 0.12234042553191489, 0.12234042553191489, 0.12234042553191489, 0.12234042553191489, 0.09574468085106383, 0.0851063829787234, 0.0851063829787234, 0.047872340425531915, 0.03723404255319149, 0.03723404255319149], [0.12735849056603774, 0.12264150943396226, 0.12264150943396226, 0.12264150943396226, 0.12264150943396226, 0.08490566037735849, 0.08490566037735849, 0.08490566037735849, 0.04245283018867924, 0.04245283018867924, 0.04245283018867924], [0.12946428571428573, 0.12946428571428573, 0.12946428571428573, 0.12946428571428573, 0.12053571428571429, 0.08035714285714286, 0.08035714285714286, 0.08035714285714286, 0.04017857142857143, 0.04017857142857143, 0.04017857142857143], [0.12987012987012986, 0.12987012987012986, 0.12987012987012986, 0.12987012987012986, 0.12121212121212122, 0.08225108225108226, 0.08225108225108226, 0.07792207792207792, 0.03896103896103896, 0.03896103896103896, 0.03896103896103896], [0.13793103448275862, 0.11494252873563218, 0.11494252873563218, 0.11494252873563218, 0.11494252873563218, 0.09578544061302682, 0.09578544061302682, 0.08812260536398467, 0.0421455938697318, 0.0421455938697318, 0.038314176245210725], [0.12944983818770225, 0.1262135922330097, 0.1262135922330097, 0.1262135922330097, 0.1262135922330097, 0.09061488673139159, 0.09061488673139159, 0.0744336569579288, 0.038834951456310676, 0.038834951456310676, 0.032362459546925564], [0.13043478260869565, 0.13043478260869565, 0.13043478260869565, 0.13043478260869565, 0.12753623188405797, 0.08695652173913043, 0.08695652173913043, 0.06666666666666667, 0.04057971014492753, 0.04057971014492753, 0.028985507246376812], [0.6357615894039735, 0.11920529801324503, 0.11920529801324503, 0.08609271523178808, 0.039735099337748346], [0.6289308176100629, 0.12578616352201258, 0.12578616352201258, 0.08176100628930817, 0.03773584905660377], [0.6542553191489362, 0.1276595744680851, 0.1276595744680851, 0.09042553191489362], [0.655, 0.13, 0.13, 0.085], [0.6763803680981595, 0.12269938650306748, 0.12269938650306748, 0.07822085889570553], [0.673134328358209, 0.1253731343283582, 0.1253731343283582, 0.07611940298507462], [0.6729651162790697, 0.12645348837209303, 0.12645348837209303, 0.07412790697674419], [0.667989417989418, 0.33201058201058203], [0.6812796208530806, 0.3187203791469194], [0.6684155299055614, 0.3315844700944386], [0.6696340257171117, 0.3303659742828882], [0.6596136154553818, 0.3403863845446182], [0.6571428571428571, 0.34285714285714286], [0.6616362192216044, 0.3383637807783956], [0.6565507031828275, 0.34344929681717246], [0.6564065855404438, 0.3435934144595562], [0.6446562287270252, 0.35534377127297484], [0.6447284345047923, 0.35527156549520766], [0.6427278213639107, 0.35727217863608934], [0.644805571677307, 0.355194428322693], [0.6384053902302077, 0.36159460976979224], [0.633817985998923, 0.3607969843834141, 0.002154011847065159, 0.002154011847065159], [0.6240951396070321, 0.3665977249224405, 0.0031023784901758012, 0.0031023784901758012, 0.0015511892450879006, 0.0015511892450879006], [0.6133004926108374, 0.3768472906403941, 0.002955665024630542, 0.002955665024630542, 0.001477832512315271, 0.001477832512315271], [0.5989776951672863, 0.3982342007434944, 0.0013940520446096654, 0.0013940520446096654], [0.5893177737881508, 0.40529622980251345, 0.0026929982046678637, 0.0026929982046678637], [0.9930915371329879, 0.0034542314335060447, 0.0034542314335060447], [0.9925558312655087, 0.0037220843672456576, 0.0037220843672456576], [0.9912974683544303, 0.00435126582278481, 0.00435126582278481], [0.9884259259259259, 0.005787037037037037, 0.005787037037037037], [1.0], [1.0], [1.0], [1.0], [1.0], [1.0], [0.998105462582886, 0.000947268708556994, 0.000947268708556994], [0.9963178889229826, 0.001841055538508745, 0.001841055538508745], [1.0], [1.0], [1.0], [1.0], [1.0], [1.0], [1.0], [1.0], [1.0], [1.0], [1.0], [1.0], [1.0], [1.0], [1.0], [1.0], [1.0], [1.0], [1.0], [1.0], [1.0], [1.0], [1.0], [1.0]]