[[1.0], [1.0], [1.0], [1.0], [1.0], [1.0], [1.0], [1.0], [1.0], [1.0], [1.0], [1.0], [1.0], [1.0], [1.0], [1.0], [1.0], [1.0], [1.0], [1.0], [1.0], [1.0], [1.0], [1.0], [1.0], [1.0], [1.0], [1.0], [1.0], [1.0], [1.0], [1.0], [1.0], [1.0], [1.0], [1.0], [1.0], [1.0], [1.0], [1.0], [0.9955947136563876, 0.004405286343612335], [1.0], [0.9943820224719101, 0.0056179775280898875], [1.0], [0.937007874015748, 0.031496062992125984, 0.031496062992125984], [0.9646017699115044, 0.017699115044247787, 0.017699115044247787], [0.9574468085106383, 0.02127659574468085, 0.02127659574468085], [0.975, 0.0125, 0.0125], [0.5072463768115942, 0.391304347826087, 0.10144927536231885], [0.48333333333333334, 0.43333333333333335, 0.08333333333333333], [0.5098039215686274, 0.4117647058823529, 0.0784313725490196], [0.4782608695652174, 0.45652173913043476, 0.043478260869565216, 0.021739130434782608], [0.5526315789473685, 0.3684210526315789, 0.05263157894736842, 0.02631578947368421], [0.6060606060606061, 0.3333333333333333, 0.030303030303030304, 0.030303030303030304], [0.6538461538461539, 0.3076923076923077, 0.038461538461538464], [0.625, 0.3333333333333333, 0.041666666666666664], [0.75, 0.1875, 0.0625], [0.4444444444444444, 0.4444444444444444, 0.1111111111111111], [0.6, 0.4], [0.5454545454545454, 0.45454545454545453], [0.6666666666666666, 0.3333333333333333], [0.5, 0.5]]