[[1.0], [1.0], [1.0], [1.0], [1.0], [1.0], [1.0], [1.0], [1.0], [1.0], [1.0], [1.0], [1.0], [1.0], [1.0], [1.0], [1.0], [1.0], [1.0], [1.0], [1.0], [1.0], [1.0], [1.0], [1.0], [1.0], [1.0], [1.0], [1.0], [1.0], [1.0], [1.0], [1.0], [1.0], [1.0], [1.0], [1.0], [1.0], [1.0], [1.0], [1.0], [1.0], [1.0], [1.0], [1.0], [1.0], [1.0], [1.0], [1.0], [0.9985163204747775, 0.001483679525222552], [0.9984447900466563, 0.0015552099533437014], [0.9967320261437909, 0.0032679738562091504], [0.9283276450511946, 0.06825938566552901, 0.0034129692832764505], [0.8489208633093526, 0.08093525179856115, 0.0683453237410072, 0.0017985611510791368], [0.8498098859315589, 0.0779467680608365, 0.07034220532319392, 0.0019011406844106464], [0.8461538461538461, 0.07894736842105263, 0.0728744939271255, 0.0020242914979757085], [0.8478260869565217, 0.08043478260869565, 0.07173913043478261], [0.8459770114942529, 0.08275862068965517, 0.07126436781609195], [0.8522167487684729, 0.0812807881773399, 0.0665024630541872], [0.8520408163265306, 0.08163265306122448, 0.0663265306122449], [0.8563685636856369, 0.08130081300813008, 0.06233062330623306], [0.8531073446327684, 0.08192090395480225, 0.06497175141242938], [0.8640483383685801, 0.0755287009063444, 0.06042296072507553], [0.8612903225806452, 0.07741935483870968, 0.06129032258064516], [0.865979381443299, 0.07216494845360824, 0.061855670103092786], [0.8731884057971014, 0.07246376811594203, 0.05434782608695652], [0.875, 0.06818181818181818, 0.056818181818181816], [0.8765432098765432, 0.06172839506172839, 0.06172839506172839], [0.8810572687224669, 0.06167400881057269, 0.05726872246696035], [0.8790697674418605, 0.06511627906976744, 0.05581395348837209], [0.875, 0.0673076923076923, 0.057692307692307696], [0.8923076923076924, 0.05641025641025641, 0.05128205128205128], [0.9050279329608939, 0.055865921787709494, 0.03910614525139665], [0.9119496855345912, 0.0440251572327044, 0.0440251572327044], [0.92, 0.04, 0.04], [0.9142857142857143, 0.04285714285714286, 0.04285714285714286], [0.9230769230769231, 0.046153846153846156, 0.03076923076923077], [0.9333333333333333, 0.041666666666666664, 0.025], [0.9351851851851852, 0.037037037037037035, 0.027777777777777776], [0.925531914893617, 0.0425531914893617, 0.031914893617021274], [0.9176470588235294, 0.047058823529411764, 0.03529411764705882], [0.9358974358974359, 0.038461538461538464, 0.02564102564102564], [0.9444444444444444, 0.027777777777777776, 0.027777777777777776], [0.9545454545454546, 0.030303030303030304, 0.015151515151515152], [0.9661016949152542, 0.03389830508474576], [0.9787234042553191, 0.02127659574468085], [0.5135135135135135, 0.43243243243243246, 0.05405405405405406], [0.5454545454545454, 0.3939393939393939, 0.06060606060606061], [0.5517241379310345, 0.3793103448275862, 0.06896551724137931], [0.56, 0.4, 0.04]]