[[1.0], [1.0], [1.0], [1.0], [1.0], [1.0], [1.0], [1.0], [1.0], [1.0], [1.0], [1.0], [1.0], [1.0], [1.0], [1.0], [1.0], [1.0], [1.0], [0.9999464065598371, 5.359344016292406e-05], [1.0], [0.9998774735036452, 6.126324817741837e-05, 6.126324817741837e-05], [1.0], [1.0], [0.9993785442398819, 0.00046609182008855747, 7.768197001475957e-05, 7.768197001475957e-05], [0.9994070811451804, 0.000338810774182619, 0.0001694053870913095, 8.470269354565475e-05], [0.9990733876945885, 0.00018532246108228317, 0.00018532246108228317, 0.00018532246108228317, 9.266123054114158e-05, 9.266123054114158e-05, 9.266123054114158e-05, 9.266123054114158e-05], [0.9994974369283345, 0.0003015378429992964, 0.0001005126143330988, 0.0001005126143330988], [0.9996687279151943, 0.00011042402826855124, 0.00011042402826855124, 0.00011042402826855124], [0.8707252000970167, 0.12030075187969924, 0.004850836769342712, 0.0041232112539413045], [0.6071286075275968, 0.1454980715520681, 0.12155871791461631, 0.11637185795983508, 0.0033249102274238596, 0.002792924591036042, 0.0026599281819390877, 0.00039898922729086314, 0.0002659928181939088], [0.5181937746602368, 0.14233523308490428, 0.1186614058161625, 0.11661551950898728, 0.08943445857080227, 0.005699254712845244, 0.0020458863071752156, 0.0020458863071752156, 0.0020458863071752156, 0.0014613473622680112, 0.0014613473622680112], [0.5145064648375907, 0.14616840113528856, 0.11715547146010723, 0.11132134973194575, 0.09050772626931568, 0.005045726900031536, 0.00457269000315358, 0.0033112582781456954, 0.0029959003468937244, 0.0011037527593818985, 0.0007883948281299275, 0.0007883948281299275, 0.000630715862503942, 0.0004730368968779565, 0.000315357931251971, 0.0001576789656259855, 0.0001576789656259855], [0.5190774970323894, 0.14990673223673054, 0.11633033745972528, 0.11293878243174496, 0.08987620824147871, 0.0027132440223842634, 0.002543666270985247, 0.0022045107681872137, 0.0016957775139901645, 0.0005087332541970493, 0.0005087332541970493, 0.0005087332541970493, 0.0005087332541970493, 0.0003391555027980329, 0.00016957775139901646, 0.00016957775139901646], [0.514759475218659, 0.1519679300291545, 0.1178935860058309, 0.11570699708454811, 0.08873906705539358, 0.0047376093294460644, 0.0016399416909620992, 0.0014577259475218659, 0.0014577259475218659, 0.0009110787172011661, 0.00018221574344023323, 0.00018221574344023323, 0.00018221574344023323, 0.00018221574344023323], [0.5134815981106081, 0.1560716394410549, 0.11572525093485535, 0.11513481598110609, 0.08836843141113954, 0.005313914583743358, 0.00393623302499508, 0.000590434953749262, 0.000590434953749262, 0.000590434953749262, 0.000196811651249754], [0.5141231028667791, 0.15809443507588533, 0.11656829679595278, 0.11656829679595278, 0.08790050590219224, 0.00463743676222597, 0.0021079258010118043], [0.5210407239819005, 0.16244343891402716, 0.11742081447963801, 0.1083710407239819, 0.08642533936651584, 0.0027149321266968325, 0.001583710407239819], [0.5223235717714835, 0.1641862698031685, 0.11785885741718675, 0.1084973595775324, 0.0842534805568891, 0.0021603456553048487, 0.0007201152184349496], [0.560901842177619, 0.17596920538905692, 0.12565301072312346, 0.0772614792411328, 0.059114654935386306, 0.0005499037668408029, 0.0005499037668408029], [0.5337475289466252, 0.17000847218299917, 0.11606890708839311, 0.09855972889014403, 0.08076814459192319, 0.0005648121999435188, 0.0002824060999717594], [0.5402442843720638, 0.17444409646100845, 0.11556529909176323, 0.08957093642342624, 0.07986219855934858, 0.00031318509238960227], [0.5396453663432587, 0.17698226831716293, 0.11475409836065574, 0.0899966543994647, 0.07862161257945802], [0.5537280701754386, 0.18092105263157895, 0.11951754385964912, 0.07419590643274854, 0.07163742690058479], [0.5558148580318942, 0.18397510696227148, 0.12018669778296383, 0.07156748346946713, 0.06845585375340335], [0.5678327645051194, 0.19069965870307168, 0.11945392491467577, 0.064419795221843, 0.05716723549488054, 0.0004266211604095563], [0.5696083058046248, 0.195375176970269, 0.1217555450684285, 0.06134969325153374, 0.05191127890514394], [0.583420776495278, 0.20146904512067157, 0.1259181532004197, 0.0540398740818468, 0.02833158447009444, 0.006820566631689402], [0.5885057471264368, 0.2074712643678161, 0.12528735632183907, 0.02528735632183908, 0.02413793103448276, 0.023563218390804597, 0.005747126436781609], [0.6106821106821106, 0.19755469755469757, 0.12998712998713, 0.021235521235521235, 0.019948519948519948, 0.01866151866151866, 0.0019305019305019305], [0.621505376344086, 0.20430107526881722, 0.12544802867383512, 0.01863799283154122, 0.016487455197132617, 0.012903225806451613, 0.0007168458781362007], [0.6530264279624893, 0.19948849104859334, 0.11679454390451834, 0.014492753623188406, 0.00937766410912191, 0.0068201193520886615], [0.6692836113837095, 0.19921491658488713, 0.11089303238469088, 0.009813542688910697, 0.0068694798822374874, 0.003925417075564278], [0.7044392523364486, 0.17172897196261683, 0.1133177570093458, 0.007009345794392523, 0.002336448598130841, 0.0011682242990654205], [0.7341269841269841, 0.15476190476190477, 0.10846560846560846, 0.0026455026455026454], [0.784375, 0.121875, 0.0609375, 0.0328125], [0.8154981549815498, 0.1033210332103321, 0.055350553505535055, 0.025830258302583026], [0.8976190476190476, 0.06190476190476191, 0.02619047619047619, 0.014285714285714285], [0.9273743016759777, 0.04748603351955307, 0.013966480446927373, 0.00558659217877095, 0.00558659217877095], [1.0]]