[[1.0], [1.0], [1.0], [1.0], [1.0], [1.0], [1.0], [1.0], [1.0], [1.0], [1.0], [1.0], [1.0], [1.0], [1.0], [1.0], [1.0], [1.0], [1.0], [1.0], [1.0], [1.0], [1.0], [1.0], [1.0], [1.0], [1.0], [1.0], [0.9988317757009346, 0.0011682242990654205], [0.9993706733794839, 0.0006293266205160479], [1.0], [1.0], [1.0], [0.9982332155477032, 0.0017667844522968198], [0.999034749034749, 0.0009652509652509653], [0.9989539748953975, 0.0010460251046025104], [0.5523917995444191, 0.44760820045558086], [0.32625, 0.275, 0.23125, 0.1675], [0.328804347826087, 0.2758152173913043, 0.23369565217391305, 0.16168478260869565], [0.33676470588235297, 0.2676470588235294, 0.23529411764705882, 0.16029411764705884], [0.34364820846905536, 0.2687296416938111, 0.2296416938110749, 0.15798045602605862], [0.3559928443649374, 0.2629695885509839, 0.22898032200357782, 0.1520572450805009], [0.358974358974359, 0.26232741617357, 0.23076923076923078, 0.14792899408284024], [0.37028824833702884, 0.2638580931263858, 0.22172949002217296, 0.14412416851441243], [0.37681159420289856, 0.2584541062801932, 0.2246376811594203, 0.14009661835748793], [0.3780160857908847, 0.26005361930294907, 0.2225201072386059, 0.13941018766756033], [0.39274924471299094, 0.256797583081571, 0.21148036253776434, 0.13293051359516617, 0.006042296072507553], [0.4027777777777778, 0.2604166666666667, 0.2152777777777778, 0.11805555555555555, 0.003472222222222222], [0.4163424124513619, 0.25680933852140075, 0.21011673151750973, 0.11284046692607004, 0.0038910505836575876], [0.4279475982532751, 0.25327510917030566, 0.1703056768558952, 0.11790393013100436, 0.03056768558951965], [0.4371859296482412, 0.271356783919598, 0.1658291457286432, 0.10552763819095477, 0.020100502512562814], [0.4378698224852071, 0.27218934911242604, 0.16568047337278108, 0.10059171597633136, 0.023668639053254437], [0.4589041095890411, 0.2534246575342466, 0.15753424657534246, 0.0958904109589041, 0.02054794520547945, 0.0136986301369863], [0.49586776859504134, 0.2644628099173554, 0.1322314049586777, 0.08264462809917356, 0.01652892561983471, 0.008264462809917356], [0.5048543689320388, 0.2524271844660194, 0.14563106796116504, 0.07766990291262135, 0.009708737864077669, 0.009708737864077669], [0.5111111111111111, 0.24444444444444444, 0.15555555555555556, 0.07777777777777778, 0.011111111111111112], [0.5694444444444444, 0.25, 0.1388888888888889, 0.041666666666666664], [0.4642857142857143, 0.2857142857142857, 0.125, 0.08928571428571429, 0.03571428571428571], [0.4634146341463415, 0.3170731707317073, 0.0975609756097561, 0.07317073170731707, 0.024390243902439025, 0.024390243902439025], [0.5714285714285714, 0.2857142857142857, 0.10714285714285714, 0.03571428571428571], [0.6086956521739131, 0.30434782608695654, 0.08695652173913043], [0.631578947368421, 0.3157894736842105, 0.05263157894736842], [0.6666666666666666, 0.25, 0.08333333333333333], [0.625, 0.375], [0.6, 0.2, 0.2]]