{
  "basis": [
    [
      0.4315,
      0.2995,
      -0.3905
    ],
    [
      0.2995,
      0.4315,
      0.4095
    ],
    [
      -0.3905,
      0.4095,
      0.4315
    ],
    [
      0.4095,
      -0.3905,
      0.2995
    ],
    [
      -0.3065,
      -0.1745,
      -0.4845
    ],
    [
      -0.1745,
      -0.3065,
      -0.2845
    ],
    [
      -0.4845,
      -0.2845,
      -0.3065
    ],
    [
      -0.2845,
      -0.4845,
      -0.1745
    ],
    [
      0.3045,
      0.1705,
      -0.1075
    ],
    [
      0.1705,
      0.3045,
      0.3825
    ],
    [
      -0.1075,
      0.3825,
      0.3045
    ],
    [
      0.3825,
      -0.1075,
      0.1705
    ],
    [
      -0.1795,
      -0.0455,
      0.2325
    ],
    [
      -0.0455,
      -0.1795,
      -0.2575
    ],
    [
      0.2325,
      -0.2575,
      -0.1795
    ],
    [
      -0.2575,
      0.2325,
      -0.0455
    ],
    [
      0.2505,
      0.3745,
      -0.1655
    ],
    [
      0.3745,
      0.2505,
      0.2905
    ],
    [
      -0.1655,
      0.2905,
      0.2505
    ],
    [
      0.2905,
      -0.1655,
      0.3745
    ],
    [
      -0.1255,
      -0.2495,
      0.2905
    ],
    [
      -0.2495,
      -0.1255,
      -0.1655
    ],
    [
      0.2905,
      -0.1655,
      -0.1255
    ],
    [
      -0.1655,
      0.2905,
      -0.2495
    ],
    [
      0.1215,
      0.2535,
      -0.1905
    ],
    [
      0.2535,
      0.1215,
      -0.4345
    ],
    [
      -0.1905,
      -0.4345,
      0.1215
    ],
    [
      -0.4345,
      -0.1905,
      0.2535
    ],
    [
      0.0035,
      -0.1285,
      0.3155
    ],
    [
      -0.1285,
      0.0035,
      -0.4405
    ],
    [
      0.3155,
      -0.4405,
      0.0035
    ],
    [
      -0.4405,
      0.3155,
      -0.1285
    ]
  ],
  "structure": "oF128-S_r",
  "nbands": 20,
  "lattice_vectors": [
    [
      0.0,
      0.465716875,
      0.8849337785
    ],
    [
      0.3777641338,
      0.0,
      0.8849337785
    ],
    [
      0.3777641338,
      0.465716875,
      0.0
    ]
  ]
}