[[1.0], [1.0], [1.0], [1.0], [1.0], [1.0], [1.0], [1.0], [1.0], [1.0], [1.0], [1.0], [1.0], [1.0], [1.0], [1.0], [1.0], [1.0], [1.0], [1.0], [1.0], [1.0], [0.9908768373035985, 0.00912316269640142], [0.9913232104121475, 0.008676789587852495], [0.9906432748538012, 0.00935672514619883], [0.9917825537294563, 0.008217446270543615], [0.9910714285714286, 0.008928571428571428], [0.9858736059479554, 0.008921933085501859, 0.002973977695167286, 0.0022304832713754648], [0.9844006568144499, 0.0090311986863711, 0.0024630541871921183, 0.0016420361247947454, 0.0016420361247947454, 0.0008210180623973727], [0.97214734950584, 0.008086253369272238, 0.006289308176100629, 0.0035938903863432167, 0.0035938903863432167, 0.0017969451931716084, 0.0017969451931716084, 0.0017969451931716084, 0.0008984725965858042], [0.9794921875, 0.0078125, 0.0048828125, 0.001953125, 0.001953125, 0.001953125, 0.0009765625, 0.0009765625], [0.9585106382978723, 0.022340425531914895, 0.007446808510638298, 0.005319148936170213, 0.0031914893617021275, 0.0010638297872340426, 0.0010638297872340426, 0.0010638297872340426], [0.570430733410943, 0.39348079161816063, 0.02211874272409779, 0.005820721769499418, 0.0034924330616996507, 0.002328288707799767, 0.0011641443538998836, 0.0011641443538998836], [0.5701298701298702, 0.38831168831168833, 0.023376623376623377, 0.00909090909090909, 0.005194805194805195, 0.0012987012987012987, 0.0012987012987012987, 0.0012987012987012987], [0.5688202247191011, 0.3890449438202247, 0.025280898876404494, 0.0056179775280898875, 0.0056179775280898875, 0.0028089887640449437, 0.0014044943820224719, 0.0014044943820224719], [0.5782945736434109, 0.3891472868217054, 0.024806201550387597, 0.004651162790697674, 0.0031007751937984496], [0.5834738617200674, 0.38617200674536256, 0.025295109612141653, 0.003372681281618887, 0.0016863406408094434], [0.5965909090909091, 0.3787878787878788, 0.02462121212121212], [0.5974842767295597, 0.37945492662473795, 0.023060796645702306], [0.6060606060606061, 0.3682983682983683, 0.02564102564102564], [0.6030534351145038, 0.36895674300254455, 0.027989821882951654], [0.5977961432506887, 0.371900826446281, 0.030303030303030304], [0.411214953271028, 0.3644859813084112, 0.19937694704049844, 0.024922118380062305], [0.4230769230769231, 0.34615384615384615, 0.1958041958041958, 0.02097902097902098, 0.013986013986013986], [0.4308300395256917, 0.34782608695652173, 0.18972332015810275, 0.023715415019762844, 0.007905138339920948], [0.4375, 0.35267857142857145, 0.19196428571428573, 0.017857142857142856], [0.43434343434343436, 0.35858585858585856, 0.18686868686868688, 0.020202020202020204], [0.4576271186440678, 0.3446327683615819, 0.1751412429378531, 0.022598870056497175], [0.46938775510204084, 0.3469387755102041, 0.1564625850340136, 0.027210884353741496], [0.484375, 0.359375, 0.125, 0.03125], [0.45535714285714285, 0.375, 0.13392857142857142, 0.03571428571428571], [0.42696629213483145, 0.39325842696629215, 0.12359550561797752, 0.0449438202247191, 0.011235955056179775], [0.3670886075949367, 0.3291139240506329, 0.13924050632911392, 0.11392405063291139, 0.05063291139240506], [0.4153846153846154, 0.27692307692307694, 0.12307692307692308, 0.1076923076923077, 0.06153846153846154, 0.015384615384615385], [0.4489795918367347, 0.22448979591836735, 0.16326530612244897, 0.10204081632653061, 0.04081632653061224, 0.02040816326530612], [0.6428571428571429, 0.21428571428571427, 0.14285714285714285], [0.65, 0.2, 0.15], [0.8666666666666667, 0.13333333333333333]]