[[1.0], [1.0], [1.0], [1.0], [1.0], [1.0], [1.0], [1.0], [1.0], [1.0], [1.0], [1.0], [1.0], [1.0], [1.0], [1.0], [1.0], [1.0], [1.0], [1.0], [1.0], [1.0], [1.0], [1.0], [1.0], [1.0], [0.9990202082057563, 0.0002449479485609308, 0.0002449479485609308, 0.0002449479485609308, 0.0002449479485609308], [0.9645454545454546, 0.012077922077922078, 0.011688311688311689, 0.011688311688311689], [0.9699258445482011, 0.010024718483932986, 0.010024718483932986, 0.010024718483932986], [0.9683995922528033, 0.010630551914955585, 0.010484927916120577, 0.010484927916120577], [0.96859375, 0.01078125, 0.0103125, 0.0103125], [0.9701287553648069, 0.010300429184549357, 0.009785407725321889, 0.009785407725321889], [0.9109551080731572, 0.059301681138001106, 0.009791243303159062, 0.009421762423794569, 0.009421762423794569, 0.0003694808793644929, 0.0003694808793644929, 0.0003694808793644929], [0.9125846276383911, 0.06053365193150139, 0.008960573476702509, 0.008761449621664676, 0.008761449621664676, 0.00019912385503783353, 0.00019912385503783353], [0.7719565217391304, 0.059347826086956525, 0.043260869565217394, 0.043260869565217394, 0.03760869565217391, 0.01652173913043478, 0.009565217391304347, 0.009130434782608696, 0.009130434782608696, 0.0002173913043478261], [0.7740099596869813, 0.06260374673938819, 0.042684372776855585, 0.042684372776855585, 0.03604458145601138, 0.01683661370642637, 0.009011145364002845, 0.008062603746739389, 0.008062603746739389], [0.7710811525244515, 0.06449907480835317, 0.04388051810732223, 0.04388051810732223, 0.037007665873645255, 0.015596087761036215, 0.008723235527359239, 0.007665873645255088, 0.007665873645255088], [0.769700494329747, 0.06571677813317825, 0.044780459435882526, 0.044780459435882526, 0.03489386449549287, 0.016574585635359115, 0.008141901715615005, 0.00756033730735679, 0.00756033730735679, 0.0002907822041291073], [0.7724379376193508, 0.06810948440483769, 0.04392106938255888, 0.04392106938255888, 0.03341820496499045, 0.014958625079567155, 0.00859325270528326, 0.00732017823042648, 0.00732017823042648], [0.7949652202716131, 0.06757204372308712, 0.04140443855581318, 0.04140443855581318, 0.024511427625041403, 0.012255713812520701, 0.0076184166942696255, 0.004968532626697582, 0.004968532626697582, 0.0003312355084465055], [0.7774809160305344, 0.06870229007633588, 0.04351145038167939, 0.04351145038167939, 0.0316793893129771, 0.012977099236641221, 0.008396946564885497, 0.006870229007633588, 0.006870229007633588], [0.7785437311503662, 0.07626023265833692, 0.043515725980180955, 0.043515725980180955, 0.02714347264110297, 0.012925463162429988, 0.006462731581214994, 0.005170185264971995, 0.005170185264971995, 0.00043084877208099956, 0.00043084877208099956, 0.00043084877208099956], [0.7774594078319007, 0.08022922636103152, 0.04345749761222541, 0.04345749761222541, 0.02626552053486151, 0.011461318051575931, 0.0071633237822349575, 0.0052531041069723014, 0.0052531041069723014], [0.781010719754977, 0.07656967840735068, 0.04492087799897907, 0.04492087799897907, 0.025012761613067893, 0.010719754977029096, 0.007656967840735069, 0.004594180704441042, 0.004594180704441042], [0.7814685314685315, 0.07867132867132867, 0.045454545454545456, 0.045454545454545456, 0.023310023310023312, 0.009324009324009324, 0.006993006993006993, 0.004662004662004662, 0.004662004662004662], [0.8027079303675049, 0.08317214700193423, 0.039329464861379754, 0.039329464861379754, 0.014829142488716958, 0.008381689232753063, 0.005802707930367505, 0.003223726627981947, 0.003223726627981947], [0.7935943060498221, 0.08754448398576513, 0.04341637010676157, 0.04341637010676157, 0.013523131672597865, 0.007829181494661922, 0.006405693950177936, 0.002135231316725979, 0.002135231316725979], [0.8036135113904164, 0.08719560094265515, 0.04320502749410841, 0.04320502749410841, 0.007069913589945012, 0.007069913589945012, 0.0054988216810683424, 0.0015710919088766694, 0.0015710919088766694], [0.8138297872340425, 0.09308510638297872, 0.03900709219858156, 0.03900709219858156, 0.0062056737588652485, 0.004432624113475178, 0.004432624113475178], [0.8339805825242719, 0.08155339805825243, 0.036893203883495145, 0.036893203883495145, 0.0048543689320388345, 0.002912621359223301, 0.002912621359223301], [0.8400447427293065, 0.07829977628635347, 0.03691275167785235, 0.03691275167785235, 0.005592841163310962, 0.0011185682326621924, 0.0011185682326621924], [0.8533007334963325, 0.07579462102689487, 0.034229828850855744, 0.034229828850855744, 0.0024449877750611247], [0.8591549295774648, 0.07605633802816901, 0.030985915492957747, 0.030985915492957747, 0.0028169014084507044], [0.8892508143322475, 0.05211726384364821, 0.02768729641693811, 0.02768729641693811, 0.0016286644951140066, 0.0016286644951140066], [0.9027777777777778, 0.05357142857142857, 0.021825396825396824, 0.021825396825396824], [0.9113636363636364, 0.04772727272727273, 0.020454545454545454, 0.020454545454545454], [0.9315789473684211, 0.03684210526315789, 0.015789473684210527, 0.015789473684210527], [0.9603658536585366, 0.01524390243902439, 0.012195121951219513, 0.012195121951219513], [0.9725490196078431, 0.011764705882352941, 0.00784313725490196, 0.00784313725490196], [0.9924528301886792, 0.0037735849056603774, 0.0037735849056603774], [0.9865771812080537, 0.006711409395973154, 0.006711409395973154], [1.0], [1.0], [0.9661016949152542, 0.01694915254237288, 0.01694915254237288], [1.0], [1.0], [1.0], [1.0]]