[[1.0], [1.0], [1.0], [1.0], [1.0], [1.0], [1.0], [1.0], [1.0], [1.0], [1.0], [1.0], [1.0], [1.0], [1.0], [1.0], [1.0], [1.0], [1.0], [1.0], [1.0], [1.0], [1.0], [1.0], [1.0], [1.0], [1.0], [1.0], [1.0], [1.0], [1.0], [1.0], [1.0], [1.0], [1.0], [1.0], [1.0], [0.9279176201372997, 0.02288329519450801, 0.014874141876430207, 0.013157894736842105, 0.008581235697940504, 0.008009153318077803, 0.004576659038901602], [0.9408060453400504, 0.020151133501259445, 0.013853904282115869, 0.009445843828715366, 0.0069269521410579345, 0.006297229219143577, 0.0025188916876574307], [0.9357923497267759, 0.02185792349726776, 0.015027322404371584, 0.010245901639344262, 0.007513661202185792, 0.006830601092896175, 0.00273224043715847], [0.9433139534883721, 0.0188953488372093, 0.01308139534883721, 0.00944767441860465, 0.007267441860465116, 0.005087209302325582, 0.0029069767441860465], [0.952887537993921, 0.015197568389057751, 0.011398176291793313, 0.008358662613981762, 0.005319148936170213, 0.004559270516717325, 0.0022796352583586625], [0.9677966101694915, 0.011864406779661017, 0.00847457627118644, 0.00423728813559322, 0.003389830508474576, 0.003389830508474576, 0.000847457627118644], [0.9641509433962264, 0.013207547169811321, 0.009433962264150943, 0.0047169811320754715, 0.0037735849056603774, 0.0037735849056603774, 0.0009433962264150943], [0.9615384615384616, 0.01417004048582996, 0.010121457489878543, 0.005060728744939271, 0.004048582995951417, 0.004048582995951417, 0.0010121457489878543], [0.9579646017699115, 0.015486725663716814, 0.011061946902654867, 0.0055309734513274336, 0.004424778761061947, 0.004424778761061947, 0.0011061946902654867], [0.9525, 0.0175, 0.0125, 0.00625, 0.005, 0.005, 0.00125], [0.9754098360655737, 0.009562841530054645, 0.00819672131147541, 0.00273224043715847, 0.00273224043715847, 0.001366120218579235], [0.9741379310344828, 0.010057471264367816, 0.008620689655172414, 0.0028735632183908046, 0.0028735632183908046, 0.0014367816091954023], [0.976027397260274, 0.010273972602739725, 0.008561643835616438, 0.0017123287671232876, 0.0017123287671232876, 0.0017123287671232876], [0.9810606060606061, 0.007575757575757576, 0.007575757575757576, 0.001893939393939394, 0.001893939393939394], [0.9789915966386554, 0.008403361344537815, 0.008403361344537815, 0.0021008403361344537, 0.0021008403361344537], [0.4976190476190476, 0.1976190476190476, 0.12380952380952381, 0.09285714285714286, 0.08333333333333333, 0.002380952380952381, 0.002380952380952381], [0.4970588235294118, 0.2088235294117647, 0.12352941176470589, 0.07941176470588235, 0.03823529411764706, 0.03823529411764706, 0.008823529411764706, 0.0029411764705882353, 0.0029411764705882353], [0.4965753424657534, 0.21232876712328766, 0.13356164383561644, 0.0410958904109589, 0.0410958904109589, 0.03424657534246575, 0.03424657534246575, 0.003424657534246575, 0.003424657534246575], [0.4956140350877193, 0.22807017543859648, 0.13596491228070176, 0.03070175438596491, 0.03070175438596491, 0.017543859649122806, 0.017543859649122806, 0.017543859649122806, 0.017543859649122806, 0.0043859649122807015, 0.0043859649122807015], [0.25257731958762886, 0.2422680412371134, 0.2422680412371134, 0.12886597938144329, 0.030927835051546393, 0.030927835051546393, 0.015463917525773196, 0.015463917525773196, 0.015463917525773196, 0.015463917525773196, 0.005154639175257732, 0.005154639175257732], [0.25308641975308643, 0.24074074074074073, 0.24074074074074073, 0.12962962962962962, 0.030864197530864196, 0.030864197530864196, 0.018518518518518517, 0.018518518518518517, 0.012345679012345678, 0.012345679012345678, 0.006172839506172839, 0.006172839506172839], [0.24675324675324675, 0.24675324675324675, 0.12337662337662338, 0.12337662337662338, 0.06493506493506493, 0.06493506493506493, 0.025974025974025976, 0.025974025974025976, 0.01948051948051948, 0.01948051948051948, 0.012987012987012988, 0.012987012987012988, 0.006493506493506494, 0.006493506493506494], [0.2457627118644068, 0.2457627118644068, 0.1271186440677966, 0.1271186440677966, 0.059322033898305086, 0.059322033898305086, 0.025423728813559324, 0.025423728813559324, 0.025423728813559324, 0.025423728813559324, 0.00847457627118644, 0.00847457627118644, 0.00847457627118644, 0.00847457627118644], [0.2441860465116279, 0.2441860465116279, 0.12790697674418605, 0.12790697674418605, 0.05813953488372093, 0.05813953488372093, 0.03488372093023256, 0.03488372093023256, 0.011627906976744186, 0.011627906976744186, 0.011627906976744186, 0.011627906976744186, 0.011627906976744186, 0.011627906976744186], [0.19736842105263158, 0.19736842105263158, 0.11842105263157894, 0.11842105263157894, 0.039473684210526314, 0.039473684210526314, 0.02631578947368421, 0.02631578947368421, 0.02631578947368421, 0.02631578947368421, 0.02631578947368421, 0.02631578947368421, 0.02631578947368421, 0.02631578947368421, 0.013157894736842105, 0.013157894736842105, 0.013157894736842105, 0.013157894736842105, 0.013157894736842105, 0.013157894736842105], [0.19117647058823528, 0.19117647058823528, 0.11764705882352941, 0.11764705882352941, 0.029411764705882353, 0.029411764705882353, 0.029411764705882353, 0.029411764705882353, 0.029411764705882353, 0.029411764705882353, 0.029411764705882353, 0.029411764705882353, 0.029411764705882353, 0.029411764705882353, 0.014705882352941176, 0.014705882352941176, 0.014705882352941176, 0.014705882352941176, 0.014705882352941176, 0.014705882352941176], [0.25, 0.25, 0.15625, 0.15625, 0.03125, 0.03125, 0.03125, 0.03125, 0.03125, 0.03125], [0.25, 0.25, 0.16666666666666666, 0.16666666666666666, 0.041666666666666664, 0.041666666666666664, 0.041666666666666664, 0.041666666666666664], [0.25, 0.25, 0.1875, 0.1875, 0.0625, 0.0625], [0.25, 0.25, 0.25, 0.25], [0.25, 0.25, 0.25, 0.25], [0.25, 0.25, 0.25, 0.25], [], [], [], [], []]