[[1.0], [1.0], [1.0], [1.0], [1.0], [1.0], [1.0], [1.0], [1.0], [1.0], [1.0], [1.0], [1.0], [1.0], [1.0], [1.0], [1.0], [1.0], [1.0], [1.0], [1.0], [1.0], [1.0], [1.0], [1.0], [1.0], [1.0], [1.0], [1.0], [1.0], [1.0], [1.0], [1.0], [1.0], [1.0], [1.0], [1.0], [1.0], [1.0], [1.0], [1.0], [1.0], [1.0], [1.0], [1.0], [1.0], [1.0], [1.0], [1.0], [1.0], [1.0], [1.0], [1.0], [1.0], [1.0], [1.0], [1.0], [1.0], [1.0], [1.0], [1.0], [1.0], [1.0], [1.0], [1.0], [1.0], [1.0], [1.0], [1.0], [1.0], [1.0], [1.0], [1.0], [1.0], [1.0], [1.0], [1.0], [1.0], [1.0], [1.0], [1.0], [1.0], [1.0], [1.0], [1.0], [1.0], [1.0], [1.0], [1.0], [1.0], [0.35555555555555557, 0.35555555555555557, 0.14444444444444443, 0.14444444444444443], [0.3488372093023256, 0.3488372093023256, 0.1511627906976744, 0.1511627906976744], [0.3375, 0.3375, 0.1625, 0.1625], [0.34210526315789475, 0.34210526315789475, 0.15789473684210525, 0.15789473684210525], [0.3333333333333333, 0.3333333333333333, 0.16666666666666666, 0.16666666666666666], [0.3448275862068966, 0.3448275862068966, 0.15517241379310345, 0.15517241379310345], [0.3269230769230769, 0.3269230769230769, 0.17307692307692307, 0.17307692307692307], [0.35714285714285715, 0.35714285714285715, 0.14285714285714285, 0.14285714285714285], [0.3333333333333333, 0.3333333333333333, 0.16666666666666666, 0.16666666666666666], [0.35294117647058826, 0.35294117647058826, 0.14705882352941177, 0.14705882352941177], [0.32142857142857145, 0.32142857142857145, 0.17857142857142858, 0.17857142857142858], [0.3076923076923077, 0.3076923076923077, 0.19230769230769232, 0.19230769230769232], [0.3076923076923077, 0.3076923076923077, 0.19230769230769232, 0.19230769230769232], [0.3181818181818182, 0.3181818181818182, 0.09090909090909091, 0.09090909090909091, 0.09090909090909091, 0.09090909090909091], [0.35, 0.35, 0.1, 0.1, 0.05, 0.05], [0.3333333333333333, 0.3333333333333333, 0.1111111111111111, 0.1111111111111111, 0.05555555555555555, 0.05555555555555555], [0.35714285714285715, 0.35714285714285715, 0.07142857142857142, 0.07142857142857142, 0.07142857142857142, 0.07142857142857142], [0.4166666666666667, 0.4166666666666667, 0.08333333333333333, 0.08333333333333333], [0.4166666666666667, 0.4166666666666667, 0.08333333333333333, 0.08333333333333333], [0.4166666666666667, 0.4166666666666667, 0.08333333333333333, 0.08333333333333333], [0.2, 0.2, 0.2, 0.2, 0.1, 0.1], [0.3333333333333333, 0.3333333333333333, 0.16666666666666666, 0.16666666666666666], [0.3333333333333333, 0.3333333333333333, 0.16666666666666666, 0.16666666666666666], [0.5, 0.5], [0.5, 0.5], [0.5, 0.5], [0.5, 0.5], [0.5, 0.5], [0.5, 0.5], [], [], [], [], [], [], [], [], []]