[[], [], [], [0.2727272727272727], [0.23076923076923078, 0.21153846153846154, 0.19230769230769232, 0.19230769230769232, 0.17307692307692307], [0.21153846153846154, 0.20192307692307693, 0.20192307692307693, 0.19230769230769232, 0.19230769230769232], [0.20634920634920634, 0.20634920634920634, 0.20105820105820105, 0.20105820105820105, 0.18518518518518517], [0.2053872053872054, 0.20202020202020202, 0.19865319865319866, 0.19865319865319866, 0.19528619528619529], [0.20316027088036118, 0.20090293453724606, 0.20090293453724606, 0.1986455981941309, 0.1963882618510158], [0.20193861066235863, 0.20032310177705978, 0.20032310177705978, 0.1987075928917609, 0.1987075928917609], [0.20350877192982456, 0.20116959064327486, 0.19883040935672514, 0.19883040935672514, 0.1976608187134503], [0.20088495575221238, 0.20088495575221238, 0.2, 0.19911504424778761, 0.19911504424778761], [0.20124052377670573, 0.20124052377670573, 0.2005513439007581, 0.19986216402481047, 0.19710544452102], [0.20341786108048512, 0.20066152149944874, 0.20011025358324144, 0.19845644983461963, 0.19735391400220506], [0.20173913043478262, 0.20043478260869566, 0.2, 0.2, 0.19782608695652174], [0.20021223912274497, 0.20021223912274497, 0.20021223912274497, 0.19985850725150336, 0.19950477538026176], [0.20383118826698593, 0.19964082609997008, 0.1990422029332535, 0.1990422029332535, 0.19844357976653695], [0.20088845014807502, 0.2006416584402764, 0.19965449160908194, 0.19965449160908194, 0.1991609081934847], [0.2018348623853211, 0.20141784820683903, 0.19974979149291075, 0.19870725604670558, 0.19829024186822353], [0.2007508044333214, 0.20021451555237754, 0.1998569896317483, 0.19967822667143367, 0.19949946371111907], [0.20033773411114522, 0.2001842186060792, 0.1998771875959472, 0.1998771875959472, 0.19972367209088118], [0.20055784300703944, 0.2002922034798778, 0.200159383716297, 0.200159383716297, 0.19883118608048878], [0.20135879114443012, 0.20030455663582056, 0.19995314513295068, 0.19925032212721097, 0.19913318495958768], [0.3963081365370733, 0.20294936578323192, 0.20047437351758277, 0.20026812416211198], [0.39238060182203, 0.20585258120916536, 0.20097543020152756, 0.20079138676727706], [0.3870058838153642, 0.2064307615811718, 0.20187287643987736, 0.2013756526062816, 0.0020717659733156544, 0.0006629651114610093, 0.0005800944725283831], [0.9951387330790517, 0.004861266920948321], [0.9907206719046329, 0.00927932809536711], [0.9856132952995164, 0.01438670470048369], [0.9802342187946301, 0.019765781205369894], [0.9738853503184713, 0.026114649681528664], [0.9670504959872389, 0.03250087233936494, 0.00044863167339614175], [0.9985424796652405, 0.001457520334759509], [1.0], [1.0], [1.0], [1.0], [1.0], [1.0], [1.0], [1.0], [1.0], [1.0], [1.0], [1.0], [1.0], [1.0], [1.0], [1.0]]