[[1.0], [1.0], [1.0], [1.0], [1.0], [1.0], [1.0], [1.0], [1.0], [1.0], [1.0], [1.0], [1.0], [1.0], [1.0], [1.0], [1.0], [0.9926209103840683, 0.002756045519203414, 0.0023115220483641537, 0.0017780938833570413, 0.0002667140825035562, 0.0002667140825035562], [0.8004564397697956, 0.18763643580075412, 0.0033736852550109147, 0.002182972812065886, 0.0017860686644175431, 0.0015876165905933718, 0.0008930343322087716, 0.0008930343322087716, 0.0008930343322087716, 0.00019845207382417147, 9.922603691208574e-05], [0.5382723968355784, 0.27261064785118666, 0.18302330553773788, 0.0014966859097712208, 0.0013897797733589908, 0.0013897797733589908, 0.00042762454564892024, 0.00032071840923669016, 0.00032071840923669016, 0.00032071840923669016, 0.00021381227282446012, 0.00010690613641223006, 0.00010690613641223006], [0.29775762774169834, 0.28415635338806516, 0.21051341747334884, 0.18735449087121675, 0.010047788261242495, 0.0020830780541600293, 0.0019605440509741453, 0.0017154760446023772, 0.001470408038230609, 0.0012253400318588408, 0.0008577380223011886, 0.0004901360127435363, 0.00024506800637176816, 0.00012253400318588408], [0.3027840682030105, 0.2849340615425603, 0.21353403490075928, 0.1854269348607966, 0.007326495271080325, 0.0011988810443585986, 0.0011988810443585986, 0.0010656720394298656, 0.0009324630345011322, 0.0007992540295723991, 0.0006660450246436659, 0.0001332090049287332], [0.3051416885772714, 0.2909728308501315, 0.2116564417177914, 0.18624014022787028, 0.003651767455448437, 0.0007303534910896875, 0.00043821209465381246, 0.00043821209465381246, 0.00029214139643587495, 0.00029214139643587495, 0.00014607069821793748], [0.3097009020414623, 0.2910270612438677, 0.2128501345149549, 0.1835733502136414, 0.0018990346573824971, 0.0003165057762304162, 0.0003165057762304162, 0.0001582528881152081, 0.0001582528881152081], [0.3109798471160528, 0.29881862404447534, 0.2096942321056289, 0.18033356497567754, 0.00017373175816539263], [0.3182512409316533, 0.2951508209240168, 0.2115311187476136, 0.1750668193967163], [0.32232968881412954, 0.29835996635828427, 0.20836837678721615, 0.17094196804037007], [0.3243366880146386, 0.30032021957913996, 0.20791399817017384, 0.16742909423604757], [0.3278976417461114, 0.3020572002007025, 0.20546914199698946, 0.16457601605619668], [0.3337950138504155, 0.3044321329639889, 0.2033240997229917, 0.15844875346260387], [0.33749609740867936, 0.3059631595379332, 0.19981267561660943, 0.15672806743677803], [0.3387438249823571, 0.3119266055045872, 0.19548341566690192, 0.1432604093154552, 0.01058574453069866], [0.34488188976377954, 0.31811023622047246, 0.19015748031496063, 0.13976377952755906, 0.007086614173228346], [0.35501355013550134, 0.31616982836495033, 0.18654019873532068, 0.13685636856368563, 0.005420054200542005], [0.3595104538500765, 0.322284548699643, 0.18052014278429374, 0.1341152473227945, 0.0035696073431922487], [0.36379821958456976, 0.3287833827893175, 0.17210682492581603, 0.13175074183976263, 0.0035608308605341245], [0.36445993031358886, 0.34146341463414637, 0.15958188153310104, 0.13310104529616726, 0.0013937282229965157], [0.38345864661654133, 0.33751044277360065, 0.15622389306599832, 0.12280701754385964], [0.3884462151394422, 0.350597609561753, 0.13844621513944222, 0.12250996015936255], [0.4470108695652174, 0.3967391304347826, 0.14130434782608695, 0.014945652173913044], [0.4193061840120664, 0.363499245852187, 0.11010558069381599, 0.10256410256410256, 0.0030165912518853697, 0.0015082956259426848], [0.4327485380116959, 0.3820662768031189, 0.0935672514619883, 0.09161793372319688], [0.4717948717948718, 0.32564102564102565, 0.07948717948717948, 0.046153846153846156, 0.04358974358974359, 0.03333333333333333], [0.5238095238095238, 0.3412698412698413, 0.06349206349206349, 0.03968253968253968, 0.015873015873015872, 0.015873015873015872], [0.5755813953488372, 0.3023255813953488, 0.05813953488372093, 0.03488372093023256, 0.029069767441860465], [0.6181818181818182, 0.34545454545454546, 0.03636363636363636], [0.36923076923076925, 0.3076923076923077, 0.26153846153846155, 0.03076923076923077, 0.03076923076923077], [0.36363636363636365, 0.3181818181818182, 0.3181818181818182], [0.4, 0.4, 0.2], [0.5, 0.5]]