[[], [], [], [0.17647058823529413, 0.17647058823529413, 0.17647058823529413, 0.11764705882352941, 0.11764705882352941, 0.11764705882352941, 0.11764705882352941], [0.15294117647058825, 0.15294117647058825, 0.15294117647058825, 0.1411764705882353, 0.1411764705882353, 0.1411764705882353, 0.11764705882352941], [0.14556962025316456, 0.14556962025316456, 0.14556962025316456, 0.14556962025316456, 0.13924050632911392, 0.13924050632911392, 0.13924050632911392], [0.14285714285714285, 0.14285714285714285, 0.14285714285714285, 0.14285714285714285, 0.14285714285714285, 0.14285714285714285, 0.14285714285714285], [0.14814814814814814, 0.14320987654320988, 0.14320987654320988, 0.14320987654320988, 0.1382716049382716, 0.1382716049382716, 0.1382716049382716], [0.1447811447811448, 0.1447811447811448, 0.1447811447811448, 0.1414141414141414, 0.12794612794612795, 0.12794612794612795, 0.12794612794612795, 0.013468013468013467, 0.013468013468013467, 0.013468013468013467], [0.14303482587064675, 0.14303482587064675, 0.14303482587064675, 0.1417910447761194, 0.12935323383084577, 0.12935323383084577, 0.12935323383084577, 0.013681592039800995, 0.013681592039800995, 0.013681592039800995], [0.1431111111111111, 0.1431111111111111, 0.1431111111111111, 0.14222222222222222, 0.12355555555555556, 0.12355555555555556, 0.12266666666666666, 0.019555555555555555, 0.019555555555555555, 0.019555555555555555], [0.14449696151249156, 0.1411208642808913, 0.14044564483457123, 0.14044564483457123, 0.12086428089128967, 0.12086428089128967, 0.12086428089128967, 0.02363268062120189, 0.02363268062120189, 0.02363268062120189], [0.14369345396487493, 0.14369345396487493, 0.14369345396487493, 0.13996806812134113, 0.11495476317189994, 0.11495476317189994, 0.11495476317189994, 0.028206492815327302, 0.028206492815327302, 0.027674294837679615], [0.258585022755482, 0.25817128671907325, 0.25817128671907325, 0.14232519652461728, 0.02772031443938767, 0.02772031443938767, 0.0273065784029789], [0.25336473755047106, 0.25336473755047106, 0.25336473755047106, 0.1430013458950202, 0.03230148048452221, 0.03230148048452221, 0.03230148048452221], [0.2504886903099693, 0.2499301870985758, 0.2499301870985758, 0.1424183189053337, 0.03574420552918179, 0.03574420552918179, 0.03574420552918179], [0.24965325936199723, 0.24965325936199723, 0.24965325936199723, 0.14424410540915394, 0.03559870550161812, 0.03559870550161812, 0.03559870550161812], [0.24588880187940484, 0.24588880187940484, 0.24588880187940484, 0.14526233359436178, 0.03915426781519186, 0.0389584964761159, 0.0389584964761159], [0.24281366249577274, 0.24281366249577274, 0.24281366249577274, 0.1472776462631045, 0.12428136624957728], [0.2402437255186421, 0.2402437255186421, 0.24009865080516465, 0.1479762077469897, 0.13143769041056144], [0.23713674676059882, 0.23713674676059882, 0.23713674676059882, 0.1519688011070575, 0.13662095861114606], [0.23516237402015677, 0.23516237402015677, 0.23516237402015677, 0.15207166853303472, 0.14210526315789473], [0.23429306421292173, 0.23429306421292173, 0.2341941228851291, 0.15078658355595131, 0.14138715741565253, 0.0016820025724745226, 0.0016820025724745226, 0.0016820025724745226], [0.23312236286919832, 0.23312236286919832, 0.23303445850914206, 0.15066807313642758, 0.14187763713080168, 0.0027250351617440225, 0.0027250351617440225, 0.0027250351617440225], [0.8383347926450688, 0.15020297699594046, 0.0035819469871845896, 0.0035819469871845896, 0.0035819469871845896, 0.00023879646581230599, 0.00023879646581230599, 0.00023879646581230599], [0.8227585219134919, 0.14651962188484674, 0.005872242910340876, 0.005872242910340876, 0.005872242910340876, 0.002076768834144944, 0.002076768834144944, 0.002076768834144944, 0.0011458034947006588, 0.0011458034947006588, 0.0011458034947006588, 0.0011458034947006588, 0.0011458034947006588, 0.0011458034947006588], [0.8094340848547853, 0.14605938535507765, 0.007406926125657852, 0.007341953089467871, 0.007341953089467871, 0.0031836787733090766, 0.0031836787733090766, 0.0031836787733090766, 0.002144110194269378, 0.002144110194269378, 0.002144110194269378, 0.002144110194269378, 0.002144110194269378, 0.002144110194269378], [0.7972884190407932, 0.1451950068685421, 0.008660335662664994, 0.008660335662664994, 0.008660335662664994, 0.004539210416293377, 0.004539210416293377, 0.004539210416293377, 0.002986322642298274, 0.002986322642298274, 0.002986322642298274, 0.002986322642298274, 0.002986322642298274, 0.002986322642298274], [0.823392590131251, 0.14321315833194884, 0.011131417178933378, 0.011131417178933378, 0.011131417178933378], [0.8574779460506858, 0.14252205394931416], [0.8570133155156779, 0.14298668448432206], [0.8587525150905433, 0.14124748490945674], [0.8574917880906258, 0.1425082119093742], [0.8564889174429811, 0.14351108255701894], [0.8549079754601226, 0.1450920245398773], [1.0], [1.0], [1.0], [1.0], [1.0], [1.0], [1.0], [1.0], [1.0], [1.0], [1.0], [1.0], [1.0], [1.0], [1.0]]