[[], [], [], [], [], [], [], [], [0.25, 0.25, 0.25, 0.25], [0.25, 0.25, 0.25, 0.25], [0.25, 0.25, 0.25, 0.25], [0.25, 0.25, 0.25, 0.25], [0.25, 0.25, 0.25, 0.25], [0.25, 0.25, 0.25, 0.23333333333333334], [0.25, 0.25, 0.25, 0.2391304347826087], [0.25, 0.25, 0.25, 0.23076923076923078, 0.019230769230769232], [0.25, 0.25, 0.25, 0.23076923076923078, 0.019230769230769232], [0.25, 0.25, 0.25, 0.23076923076923078, 0.019230769230769232], [0.25, 0.25, 0.25, 0.21568627450980393, 0.03431372549019608], [0.25, 0.25, 0.25, 0.20652173913043478, 0.043478260869565216], [0.25, 0.25, 0.24050632911392406, 0.20569620253164558, 0.04430379746835443, 0.00949367088607595], [0.25, 0.25, 0.24050632911392406, 0.20569620253164558, 0.04430379746835443, 0.00949367088607595], [0.25, 0.25, 0.23684210526315788, 0.19736842105263158, 0.05263157894736842, 0.013157894736842105], [0.25, 0.24793388429752067, 0.22727272727272727, 0.1921487603305785, 0.05785123966942149, 0.022727272727272728], [0.25, 0.24031007751937986, 0.22868217054263565, 0.19573643410852712, 0.05426356589147287, 0.02131782945736434, 0.009689922480620155], [0.25, 0.23357664233576642, 0.22992700729927007, 0.1989051094890511, 0.051094890510948905, 0.020072992700729927, 0.016423357664233577], [0.25, 0.23121387283236994, 0.2239884393063584, 0.1907514450867052, 0.059248554913294796, 0.02601156069364162, 0.01878612716763006], [0.25, 0.22409326424870465, 0.22279792746113988, 0.18911917098445596, 0.06088082901554404, 0.027202072538860103, 0.025906735751295335], [0.25, 0.22388059701492538, 0.22263681592039802, 0.1890547263681592, 0.060945273631840796, 0.02736318407960199, 0.026119402985074626], [0.25, 0.22406639004149378, 0.21680497925311204, 0.1825726141078838, 0.06742738589211618, 0.03319502074688797, 0.025933609958506226], [1.0], [1.0], [1.0], [1.0], [0.9993438320209974], [0.9945520581113801, 0.005447941888619854], [1.0], [1.0], [0.9995049504950495], [0.9986437613019892, 0.00135623869801085], [0.9953625632377741, 0.0042158516020236085], [0.9954280964256027, 0.004156275976724855], [0.9933123524783635, 0.0051140833988985055, 0.0015735641227380016], [0.9936234058514629, 0.004876219054763691, 0.0015003750937734434], [0.9896354538956398, 0.007862759113652609, 0.002144388849177984], [0.988517745302714, 0.008350730688935281, 0.0020876826722338203, 0.0010438413361169101], [0.9818481848184818, 0.011221122112211221, 0.0036303630363036304, 0.0033003300330033004], [0.9789440603394092, 0.011942174732872407, 0.004714016341923318, 0.0043997485857950975], [0.999690594059406], [0.9988038277511961, 0.0008971291866028708], [0.9982618771726536, 0.0008690614136732329, 0.0008690614136732329], [0.9974690663667042, 0.00140607424071991, 0.0011248593925759281], [0.9986278814489572, 0.0013721185510428102], [1.0], [1.0], [0.9997401247401247], [1.0], [1.0], [1.0], [1.0], [1.0], [1.0], [1.0], [1.0], [1.0], [1.0]]