{"radii": [0.13, 0.14, 0.15, 0.16, 0.17, 0.18, 0.19, 0.2, 0.21, 0.22, 0.23, 0.24, 0.25, 0.26, 0.27, 0.28, 0.29, 0.3, 0.31, 0.32, 0.33, 0.34, 0.35, 0.36, 0.37, 0.38, 0.39, 0.4, 0.41, 0.42, 0.43, 0.44, 0.45, 0.46, 0.47, 0.48, 0.49, 0.5, 0.51, 0.52, 0.53, 0.54, 0.55, 0.56, 0.57, 0.58], "structure_url": "https://doi.org/10.1107/S0365110X53001800", "code": 1009031, "international": "4_2/mmc", "radii_to_do": [0.25, 0.37], "has_gap": true, "featured": true, "gap_threshold_radii": [0.37, 0.23], "has_gaps_of_size": [0.18184792369991956, 1.2751139194261614], "_structure(old)": "tP4-OPd", "CN": [4], "num_jobs": 88, "image_keys": {"4": [[0, 0], [0, 90]], "18": [[0, 0], [0, 90]]}, "common_name": "Palladium Oxide", "colors_to_do": [18, 4], "wyckoff_positions": ["d", "f"], "min_connection_radius": 0.3329402165376939, "omega_stars": [0.25762859703639085, 0.6108429966212007], "_id(old)": "80bf8f8b45e79c0cad7982d989e846be", "sg_number": 131, "pointgroup": "4/mmm", "code_source": "COD", "fill_fraction": [0.020947, 0.026153, 0.032163, 0.038967, 0.046775, 0.055498, 0.065246, 0.076226, 0.088244, 0.10139, 0.1159, 0.131686, 0.148805, 0.16742, 0.187466, 0.209091, 0.232292, 0.25733, 0.283748, 0.312161, 0.342533, 0.37408, 0.405618, 0.437084, 0.468404, 0.499606, 0.530475, 0.561094, 0.591248, 0.621097, 0.650705, 0.678955, 0.706727, 0.733927, 0.759874, 0.785753, 0.810989, 0.835184, 0.858591, 0.880514, 0.90039, 0.918815, 0.935721, 0.949768, 0.962309, 0.973483], "has_gaps_above_band": [4, 18], "has_gaps_at": [[16], [10, 12, 14, 16]], "IBZ_sphericity": 0.46817010796039976, "site_symmetries": ["-42m", "mmm"], "photonics_url": "New", "gamma_at_gap": [["Gamma_5^+", "Gamma_5^-"]], "fix_name": false, "connection_radius": 0.31, "clusters": [[], [], [], [], [], [], [], [], [0.25, 0.25, 0.25, 0.25], [0.25, 0.25, 0.25, 0.25], [0.25, 0.25, 0.25, 0.25], [0.25, 0.25, 0.25, 0.25], [0.25, 0.25, 0.25, 0.25], [0.25, 0.25, 0.25, 0.23333333333333334], [0.25, 0.25, 0.25, 0.2391304347826087], [0.25, 0.25, 0.25, 0.23076923076923078, 0.019230769230769232], [0.25, 0.25, 0.25, 0.23076923076923078, 0.019230769230769232], [0.25, 0.25, 0.25, 0.23076923076923078, 0.019230769230769232], [0.25, 0.25, 0.25, 0.21568627450980393, 0.03431372549019608], [0.25, 0.25, 0.25, 0.20652173913043478, 0.043478260869565216], [0.25, 0.25, 0.24050632911392406, 0.20569620253164558, 0.04430379746835443, 0.00949367088607595], [0.25, 0.25, 0.24050632911392406, 0.20569620253164558, 0.04430379746835443, 0.00949367088607595], [0.25, 0.25, 0.23684210526315788, 0.19736842105263158, 0.05263157894736842, 0.013157894736842105], [0.25, 0.24793388429752067, 0.22727272727272727, 0.1921487603305785, 0.05785123966942149, 0.022727272727272728], [0.25, 0.24031007751937986, 0.22868217054263565, 0.19573643410852712, 0.05426356589147287, 0.02131782945736434, 0.009689922480620155], [0.25, 0.23357664233576642, 0.22992700729927007, 0.1989051094890511, 0.051094890510948905, 0.020072992700729927, 0.016423357664233577], [0.25, 0.23121387283236994, 0.2239884393063584, 0.1907514450867052, 0.059248554913294796, 0.02601156069364162, 0.01878612716763006], [0.25, 0.22409326424870465, 0.22279792746113988, 0.18911917098445596, 0.06088082901554404, 0.027202072538860103, 0.025906735751295335], [0.25, 0.22388059701492538, 0.22263681592039802, 0.1890547263681592, 0.060945273631840796, 0.02736318407960199, 0.026119402985074626], [0.25, 0.22406639004149378, 0.21680497925311204, 0.1825726141078838, 0.06742738589211618, 0.03319502074688797, 0.025933609958506226], [1.0], [1.0], [1.0], [1.0], [0.9993438320209974], [0.9945520581113801, 0.005447941888619854], [1.0], [1.0], [0.9995049504950495], [0.9986437613019892, 0.00135623869801085], [0.9953625632377741, 0.0042158516020236085], [0.9954280964256027, 0.004156275976724855], [0.9933123524783635, 0.0051140833988985055, 0.0015735641227380016], [0.9936234058514629, 0.004876219054763691, 0.0015003750937734434], [0.9896354538956398, 0.007862759113652609, 0.002144388849177984], [0.988517745302714, 0.008350730688935281, 0.0020876826722338203, 0.0010438413361169101], [0.9818481848184818, 0.011221122112211221, 0.0036303630363036304, 0.0033003300330033004], [0.9789440603394092, 0.011942174732872407, 0.004714016341923318, 0.0043997485857950975], [0.999690594059406], [0.9988038277511961, 0.0008971291866028708], [0.9982618771726536, 0.0008690614136732329, 0.0008690614136732329], [0.9974690663667042, 0.00140607424071991, 0.0011248593925759281], [0.9986278814489572, 0.0013721185510428102], [1.0], [1.0], [0.9997401247401247], [1.0], [1.0], [1.0], [1.0], [1.0], [1.0], [1.0], [1.0], [1.0], [1.0]], "connection_phi": 0.499606, "connection_radii": [[0.2, 0.25, 0.3, 0.35, 0.4, 0.45, 0.5, 0.55, 0.6, 0.65, 0.7, 0.75, 0.8, 0.85, 0.9, 0.95], [0.09, 0.31, 0.31, 0.31, 0.31, 0.31, 0.31, 0.31, 0.31, 0.31, 0.31, 0.31, 0.31, 0.31, 0.31, 0.31]], "min_connection_phi": 0.499606, "proportion_of_high_eps_in_largest_cluster": [0.0, 0.0, 0.0, 0.0, 0.0, 0.0, 0.0, 0.0, 0.25, 0.25, 0.25, 0.25, 0.25, 0.25, 0.25, 0.25, 0.25, 0.25, 0.25, 0.25, 0.25, 0.25, 0.25, 0.25, 0.25, 0.25, 0.25, 0.25, 0.25, 0.25, 1.0, 1.0, 1.0, 1.0, 0.9993438320209974, 0.9945520581113801, 1.0, 1.0, 0.9995049504950495, 0.9986437613019892, 0.9953625632377741, 0.9954280964256027, 0.9933123524783635, 0.9936234058514629, 0.9896354538956398, 0.988517745302714, 0.9818481848184818, 0.9789440603394092, 0.999690594059406, 0.9988038277511961, 0.9982618771726536, 0.9974690663667042, 0.9986278814489572, 1.0, 1.0, 0.9997401247401247, 1.0, 1.0, 1.0, 1.0, 1.0, 1.0, 1.0, 1.0, 1.0, 1.0], "not_tags": ["chiral", "diamond_derivative", "gap_optimized_when_high_eps_connected", "gap_optimized_when_high_eps_touching"], "tags": ["gap_optimized_when_high_eps_disconnected", "gap_optimized_when_high_eps_not_touching"], "void_connection_phi": 0.032462, "kp_labels": ["GAMMA", "X", "M", "GAMMA", "Z", "R", "A", "Z", "X", "R", "M", "A"], "kpoints": [[0.0, 0.0, 0.0], [0.0, 0.5, 0.0], [0.5, 0.5, 0.0], [0.0, 0.0, 0.0], [0.0, 0.0, 0.5], [0.0, 0.5, 0.5], [0.5, 0.5, 0.5], [0.0, 0.0, 0.5], [0.0, 0.5, 0.0], [0.0, 0.5, 0.5], [0.5, 0.5, 0.0], [0.5, 0.5, 0.5]], "ready": true, "pdos_stored": true}