{"colors_to_do": [16, 17], "radii": [0.1, 0.11, 0.12, 0.13, 0.14, 0.15, 0.16, 0.17, 0.18, 0.19, 0.2, 0.21, 0.22, 0.23, 0.24, 0.25, 0.26, 0.27, 0.28, 0.29, 0.3, 0.31, 0.32, 0.33, 0.34, 0.35, 0.36, 0.37, 0.38, 0.39, 0.4, 0.41, 0.42, 0.43, 0.44, 0.45], "structure_url": "https://doi.org/10.1107/S0567740880005523", "wyckoff_positions": ["e", "c"], "min_connection_radius": 0.2766868570324971, "omega_stars": [0.5582382305616698, 0.5722457394924046], "code": 9007640, "has_gaps_at": [[14, 16], [12, 14, 16]], "international": "32", "radii_to_do": [0.24, 0.24], "sg_number": 155, "pointgroup": "32", "run_FA": true, "has_gap": true, "featured": false, "fill_fraction": [0.020706, 0.027903, 0.036226, 0.046027, 0.057481, 0.070708, 0.085807, 0.102923, 0.122172, 0.14369, 0.167586, 0.193991, 0.223053, 0.254874, 0.289587, 0.3273, 0.368167, 0.412355, 0.459757, 0.508209, 0.555992, 0.602121, 0.646075, 0.686392, 0.721558, 0.753843, 0.783782, 0.811251, 0.837016, 0.861316, 0.883734, 0.904177, 0.922875, 0.940477, 0.955967, 0.969815], "code_source": "COD", "has_gaps_above_band": [16, 17], "has_gaps_of_size": [0.5166582736956814, 2.3424858463035716], "common_name": "Heazlewoodite", "IBZ_sphericity": 0.5322156373645628, "CN": [2, 3], "site_symmetries": ["3", "2"], "num_jobs": 93, "photonics_url": "New", "connection_radius": 0.29, "image_keys": {"16": [[0, 0], [45, 45]], "17": [[0, 0], [45, 45]]}, "fix_name": false, "gap_threshold_radii": [0.23, 0.14], "clusters": [[], [], [], [0.6666666666666666], [0.2857142857142857, 0.2857142857142857, 0.22857142857142856, 0.11428571428571428, 0.08571428571428572], [0.3026315789473684, 0.3026315789473684, 0.21052631578947367, 0.09210526315789473, 0.09210526315789473], [0.272, 0.24, 0.2, 0.128, 0.096, 0.032, 0.032], [0.28444444444444444, 0.26666666666666666, 0.16444444444444445, 0.1111111111111111, 0.08888888888888889, 0.035555555555555556, 0.02666666666666667, 0.022222222222222223], [0.25449101796407186, 0.25149700598802394, 0.17365269461077845, 0.10778443113772455, 0.10479041916167664, 0.038922155688622756, 0.03592814371257485, 0.03293413173652695], [0.25413223140495866, 0.24793388429752067, 0.15702479338842976, 0.10950413223140495, 0.09917355371900827, 0.047520661157024795, 0.047520661157024795, 0.0371900826446281], [0.24746743849493488, 0.24312590448625182, 0.14037626628075253, 0.10709117221418235, 0.10130246020260492, 0.059334298118668596, 0.056439942112879886, 0.04486251808972504], [0.24126637554585154, 0.24126637554585154, 0.1517467248908297, 0.10698689956331878, 0.09934497816593886, 0.055676855895196505, 0.05458515283842795, 0.04912663755458515], [0.23514851485148514, 0.23102310231023102, 0.1377887788778878, 0.11386138613861387, 0.09818481848184818, 0.06848184818481848, 0.06353135313531354, 0.05198019801980198], [0.23684210526315788, 0.2355584082156611, 0.13735558408215662, 0.10333761232349166, 0.09884467265725289, 0.06611039794608473, 0.06354300385109114, 0.05840821566110398], [0.23072970195272355, 0.2276464542651593, 0.13463514902363824, 0.10894141829393628, 0.09917780061664953, 0.07040082219938334, 0.06731757451181912, 0.06115107913669065], [0.22889542209155816, 0.2272154556908862, 0.13313733725325494, 0.10835783284334313, 0.0999580008399832, 0.07181856362872742, 0.06845863082738345, 0.0621587568248635], [0.22684246112238, 0.22650439486139284, 0.12778904665314403, 0.10649087221095335, 0.09905341446923598, 0.07505070993914807, 0.07234617985125084, 0.06592292089249494], [0.22603516732841747, 0.22376630743051618, 0.12875779920589903, 0.10493477027793534, 0.1006806579693704, 0.07430516165626773, 0.07260351673284175, 0.06891661939875213], [0.22261735419630158, 0.22190611664295876, 0.1251778093883357, 0.10715979137031768, 0.09862494073020389, 0.07871028923660503, 0.0770507349454718, 0.0687529634898056], [0.2214792299898683, 0.22066869300911854, 0.12380952380952381, 0.10536980749746708, 0.09949341438703141, 0.07943262411347518, 0.07781155015197569, 0.07193515704154002], [0.2217811529168105, 0.22143596824301, 0.12323092854677252, 0.10441836382464618, 0.10010355540214015, 0.07818432861580946, 0.07663099758370728, 0.0742147048671039], [0.21961367013372957, 0.2175334323922734, 0.12243684992570579, 0.10534918276374443, 0.1, 0.0812778603268945, 0.07994056463595839, 0.07384843982169391], [0.22083658093011171, 0.2162899454403741, 0.12055079241361392, 0.10535203949077683, 0.09937646141855028, 0.08170953494414133, 0.08015068849051701, 0.07573395687191478], [0.2196736277530526, 0.21008786945110122, 0.12130548898778958, 0.10521510898094259, 0.10110692685153486, 0.08341892046102933, 0.0819354102476321, 0.07725664726691772], [0.22109738813525004, 0.20773435918202066, 0.12006479044340959, 0.10568941081190525, 0.10093136262401296, 0.08392387122899372, 0.08240534521158129, 0.07815347236282648], [0.22100991884580704, 0.20279531109107304, 0.11911632100991884, 0.1048692515779982, 0.10144274120829576, 0.08575293056807935, 0.08476104598737602, 0.07917042380522994, 0.0010820559062218215], [0.5461756373937677, 0.44937272359368674, 0.0025900445163901257, 0.0006475111290975314, 0.0004856333468231485, 0.0004046944556859571, 0.0003237555645487657], [0.5442725357739522, 0.4540568024987288, 0.0007990121304568896, 0.0005084622648362026, 0.00036318733202585896], [0.9977590297917216, 0.001318217769575534, 0.0005272871078302136, 0.0002636435539151068], [0.9993941596995032, 0.0006058403004967891], [1.0], [1.0], [1.0], [1.0], [1.0], [1.0], [1.0], [1.0], [1.0], [1.0], [1.0], [1.0], [1.0], [1.0], [1.0], [1.0], [1.0], [1.0], [1.0], [1.0]], "connection_phi": 0.508209, "connection_radii": [[0.2, 0.25, 0.3, 0.35, 0.4, 0.45, 0.5, 0.55, 0.6, 0.65, 0.7, 0.75, 0.8, 0.85, 0.9, 0.95], [0.04, 0.27, 0.27, 0.27, 0.27, 0.27, 0.27, 0.29, 0.29, 0.29, 0.29, 0.29, 0.29, 0.29, 0.29, 0.29]], "min_connection_phi": 0.459757, "proportion_of_high_eps_in_largest_cluster": [0.0, 0.0, 0.0, 0.6666666666666666, 0.2857142857142857, 0.3026315789473684, 0.272, 0.28444444444444444, 0.25449101796407186, 0.25413223140495866, 0.24746743849493488, 0.24126637554585154, 0.23514851485148514, 0.23684210526315788, 0.23072970195272355, 0.22889542209155816, 0.22684246112238, 0.22603516732841747, 0.22261735419630158, 0.2214792299898683, 0.2217811529168105, 0.21961367013372957, 0.22083658093011171, 0.2196736277530526, 0.22109738813525004, 0.22100991884580704, 0.5461756373937677, 0.5442725357739522, 0.9977590297917216, 0.9993941596995032, 1.0, 1.0, 1.0, 1.0, 1.0, 1.0, 1.0, 1.0, 1.0, 1.0, 1.0, 1.0, 1.0, 1.0, 1.0, 1.0, 1.0, 1.0, 1.0, 1.0], "not_tags": ["chiral", "diamond_derivative", "gap_optimized_when_high_eps_connected", "gap_optimized_when_high_eps_touching"], "tags": ["gap_optimized_when_high_eps_disconnected", "gap_optimized_when_high_eps_not_touching", "nonenantiogenic"], "void_connection_phi": 0.059523, "kp_labels": ["T", "H_2", "H_0", "L", "GAMMA", "S_0", "S_2", "F", "GAMMA"], "kpoints": [[0.5, 0.5, 0.5], [0.509267095681148, 0.49073290431885197, 0.5], [0.5, -0.49073290431885197, 0.49073290431885197], [0.5, 0.0, 0.0], [0.0, 0.0, 0.0], [0.495366452159426, -0.495366452159426, 0.0], [0.504633547840574, 0.0, 0.495366452159426], [0.5, 0.0, 0.5], [0.0, 0.0, 0.0]], "ready": true, "bz_approved": true, "pdos_stored": true}