[[1.0], [1.0], [1.0], [1.0], [1.0], [1.0], [1.0], [1.0], [1.0], [1.0], [1.0], [1.0], [1.0], [1.0], [1.0], [1.0], [1.0], [1.0], [1.0], [1.0], [1.0], [1.0], [1.0], [1.0], [1.0], [1.0], [1.0], [1.0], [1.0], [1.0], [1.0], [1.0], [1.0], [1.0], [1.0], [1.0], [1.0], [1.0], [1.0], [1.0], [1.0], [1.0], [1.0], [1.0], [1.0], [1.0], [1.0], [1.0], [1.0], [1.0], [1.0], [1.0], [1.0], [1.0], [1.0], [1.0], [1.0], [1.0], [1.0], [1.0], [1.0], [0.6240474174428451, 0.2887383573243014, 0.08721422523285352], [0.6268248175182481, 0.29105839416058393, 0.08211678832116788], [0.6388059701492538, 0.2935323383084577, 0.03482587064676617, 0.026865671641791045, 0.005970149253731343], [0.6410526315789473, 0.3, 0.031578947368421054, 0.024210526315789474, 0.003157894736842105], [0.6426940639269406, 0.3036529680365297, 0.02968036529680365, 0.021689497716894976, 0.00228310502283105], [0.6469879518072289, 0.3096385542168675, 0.02530120481927711, 0.016867469879518072, 0.0012048192771084338], [0.6539440203562341, 0.30788804071246817, 0.022900763358778626, 0.015267175572519083], [0.6490514905149052, 0.3157181571815718, 0.02168021680216802, 0.013550135501355014], [0.6530612244897959, 0.31486880466472306, 0.018950437317784258, 0.013119533527696793], [0.6595092024539877, 0.31441717791411045, 0.013803680981595092, 0.012269938650306749], [0.6728187919463087, 0.3053691275167785, 0.01174496644295302, 0.010067114093959731], [0.688212927756654, 0.29277566539923955, 0.011406844106463879, 0.0076045627376425855], [0.7072649572649573, 0.28205128205128205, 0.008547008547008548, 0.002136752136752137], [0.7247474747474747, 0.15151515151515152, 0.09343434343434344, 0.015151515151515152, 0.007575757575757576, 0.007575757575757576], [0.7037037037037037, 0.15123456790123457, 0.10185185185185185, 0.018518518518518517, 0.012345679012345678, 0.006172839506172839, 0.006172839506172839], [0.717948717948718, 0.1575091575091575, 0.10622710622710622, 0.014652014652014652, 0.003663003663003663], [0.7363636363636363, 0.14545454545454545, 0.11818181818181818], [0.40860215053763443, 0.2849462365591398, 0.15591397849462366, 0.11290322580645161, 0.03763440860215054], [0.3959731543624161, 0.3087248322147651, 0.1476510067114094, 0.12080536912751678, 0.026845637583892617], [0.42857142857142855, 0.32142857142857145, 0.14285714285714285, 0.08928571428571429, 0.017857142857142856], [0.3176470588235294, 0.2823529411764706, 0.15294117647058825, 0.1411764705882353, 0.10588235294117647], [0.373134328358209, 0.2537313432835821, 0.14925373134328357, 0.1044776119402985, 0.08955223880597014, 0.029850746268656716], [0.35294117647058826, 0.3235294117647059, 0.17647058823529413, 0.14705882352941177], [0.3181818181818182, 0.2727272727272727, 0.22727272727272727, 0.18181818181818182], [0.5454545454545454, 0.2727272727272727, 0.18181818181818182], [1.0], [1.0], [], [], [], [], [], [], []]