[[], [], [], [], [], [], [], [], [], [], [], [], [], [], [0.6], [0.4, 0.4], [0.3076923076923077, 0.3076923076923077, 0.3076923076923077], [0.34782608695652173, 0.30434782608695654, 0.2608695652173913], [0.35714285714285715, 0.2857142857142857, 0.2857142857142857], [0.37142857142857144, 0.34285714285714286, 0.22857142857142856], [0.40476190476190477, 0.2857142857142857, 0.23809523809523808, 0.07142857142857142], [0.3584905660377358, 0.2830188679245283, 0.2641509433962264, 0.09433962264150944], [0.3492063492063492, 0.31746031746031744, 0.25396825396825395, 0.07936507936507936], [0.33783783783783783, 0.32432432432432434, 0.2702702702702703, 0.06756756756756757], [0.35294117647058826, 0.3176470588235294, 0.25882352941176473, 0.07058823529411765], [0.34408602150537637, 0.3225806451612903, 0.25806451612903225, 0.07526881720430108], [0.35294117647058826, 0.3235294117647059, 0.2549019607843137, 0.06862745098039216], [0.3559322033898305, 0.3220338983050847, 0.23728813559322035, 0.07627118644067797], [0.3382352941176471, 0.33088235294117646, 0.2426470588235294, 0.07352941176470588], [0.3419354838709677, 0.32903225806451614, 0.21935483870967742, 0.07741935483870968], [0.3388888888888889, 0.32222222222222224, 0.20555555555555555, 0.08333333333333333, 0.022222222222222223, 0.016666666666666666], [0.3380952380952381, 0.3238095238095238, 0.20952380952380953, 0.0761904761904762, 0.023809523809523808, 0.01904761904761905], [0.32751091703056767, 0.3231441048034934, 0.22270742358078602, 0.07423580786026202, 0.021834061135371178, 0.021834061135371178], [0.3203125, 0.3125, 0.22265625, 0.07421875, 0.03125, 0.02734375, 0.01171875], [0.3202846975088968, 0.30604982206405695, 0.2206405693950178, 0.07473309608540925, 0.042704626334519574, 0.02491103202846975, 0.010676156583629894], [0.33650793650793653, 0.3047619047619048, 0.20952380952380953, 0.07301587301587302, 0.0380952380952381, 0.025396825396825397, 0.012698412698412698], [0.33236994219653176, 0.30346820809248554, 0.20520231213872833, 0.07225433526011561, 0.04046242774566474, 0.02601156069364162, 0.017341040462427744], [0.3324468085106383, 0.31117021276595747, 0.19946808510638298, 0.07180851063829788, 0.03723404255319149, 0.026595744680851064, 0.015957446808510637], [0.3357487922705314, 0.3115942028985507, 0.19806763285024154, 0.07004830917874397, 0.03864734299516908, 0.026570048309178744, 0.014492753623188406], [0.3243847874720358, 0.31096196868008946, 0.19910514541387025, 0.07158836689038031, 0.040268456375838924, 0.03131991051454139, 0.015659955257270694, 0.006711409395973154], [0.3191489361702128, 0.30638297872340425, 0.19148936170212766, 0.07872340425531915, 0.04680851063829787, 0.031914893617021274, 0.019148936170212766, 0.006382978723404255], [0.31, 0.296, 0.196, 0.078, 0.052, 0.038, 0.022, 0.008], [0.3235831809872029, 0.28153564899451555, 0.19744058500914077, 0.08043875685557587, 0.051188299817184646, 0.03656307129798903, 0.021937842778793418, 0.007312614259597806], [0.3165829145728643, 0.2814070351758794, 0.19932998324958123, 0.07537688442211055, 0.06030150753768844, 0.038525963149078725, 0.021775544388609715, 0.006700167504187605], [0.31832298136645965, 0.27639751552795033, 0.20496894409937888, 0.07453416149068323, 0.062111801242236024, 0.03571428571428571, 0.021739130434782608, 0.006211180124223602], [0.3271954674220963, 0.26487252124645894, 0.1954674220963173, 0.0764872521246459, 0.06232294617563739, 0.03824362606232295, 0.026912181303116147, 0.0084985835694051], [0.3324396782841823, 0.257372654155496, 0.19839142091152814, 0.07372654155495978, 0.06166219839142091, 0.0388739946380697, 0.02546916890080429, 0.012064343163538873], [0.33879093198992444, 0.2518891687657431, 0.1964735516372796, 0.07556675062972293, 0.060453400503778336, 0.037783375314861464, 0.027707808564231738, 0.011335012594458438], [0.34009546539379476, 0.2494033412887828, 0.19451073985680192, 0.07398568019093078, 0.059665871121718374, 0.0405727923627685, 0.027446300715990454, 0.014319809069212411], [0.32887402452619846, 0.24860646599777034, 0.19175027870680045, 0.07692307692307693, 0.06577480490523968, 0.043478260869565216, 0.028985507246376812, 0.01560758082497213], [0.3237791932059448, 0.24628450106157113, 0.19745222929936307, 0.07749469214437367, 0.06794055201698514, 0.0435244161358811, 0.028662420382165606, 0.014861995753715499], [0.32934131736526945, 0.23852295409181637, 0.19261477045908185, 0.07884231536926148, 0.0748502994011976, 0.04291417165668663, 0.028942115768463075, 0.013972055888223553], [0.32098765432098764, 0.2355175688509022, 0.1956315289648623, 0.0788224121557455, 0.07692307692307693, 0.0446343779677113, 0.032288698955365625, 0.013295346628679962], [0.32332155477031804, 0.2332155477031802, 0.1881625441696113, 0.07685512367491167, 0.07597173144876325, 0.045936395759717315, 0.030918727915194347, 0.01678445229681979, 0.00441696113074205, 0.00441696113074205], [0.7097844112769486, 0.18490878938640132, 0.04477611940298507, 0.03150912106135987, 0.015754560530679935, 0.006633499170812604, 0.006633499170812604], [0.9685781618224666, 0.024351924587588374, 0.007069913589945012], [0.991899852724595, 0.008100147275405008], [1.0], [1.0], [1.0], [1.0], [1.0], [1.0], [1.0], [1.0], [1.0], [1.0], [1.0], [1.0], [1.0], [1.0], [1.0], [1.0], [1.0], [1.0], [1.0], [1.0], [0.9996719160104987], [0.9996787664632187], [0.9993690851735015], [0.9990712074303405, 0.0009287925696594427], [1.0], [1.0], [1.0], [1.0], [1.0], [1.0], [1.0], [1.0], [1.0], [1.0], [1.0], [1.0], [1.0], [1.0], [1.0], [1.0], [1.0], [1.0], [1.0]]