[[], [], [], [], [], [], [], [0.17142857142857143, 0.17142857142857143, 0.11428571428571428, 0.11428571428571428, 0.11428571428571428, 0.11428571428571428, 0.11428571428571428], [0.1694915254237288, 0.1694915254237288, 0.13559322033898305, 0.13559322033898305, 0.13559322033898305, 0.13559322033898305, 0.06779661016949153], [0.14606741573033707, 0.14606741573033707, 0.14606741573033707, 0.14606741573033707, 0.12359550561797752, 0.12359550561797752, 0.06741573033707865, 0.033707865168539325], [0.1415929203539823, 0.1415929203539823, 0.1415929203539823, 0.1415929203539823, 0.13274336283185842, 0.13274336283185842, 0.061946902654867256, 0.02654867256637168, 0.02654867256637168, 0.02654867256637168], [0.14035087719298245, 0.14035087719298245, 0.14035087719298245, 0.14035087719298245, 0.14035087719298245, 0.14035087719298245, 0.04678362573099415, 0.023391812865497075, 0.023391812865497075, 0.023391812865497075], [0.1497326203208556, 0.1497326203208556, 0.13903743315508021, 0.13903743315508021, 0.13903743315508021, 0.13903743315508021, 0.0427807486631016, 0.0213903743315508, 0.0213903743315508, 0.0213903743315508], [0.14624505928853754, 0.14624505928853754, 0.14624505928853754, 0.14624505928853754, 0.1422924901185771, 0.1422924901185771, 0.043478260869565216, 0.019762845849802372, 0.019762845849802372, 0.019762845849802372], [0.15457413249211358, 0.15457413249211358, 0.15457413249211358, 0.15457413249211358, 0.138801261829653, 0.138801261829653, 0.03470031545741325, 0.015772870662460567, 0.015772870662460567, 0.015772870662460567], [0.16129032258064516, 0.16129032258064516, 0.13399503722084366, 0.13399503722084366, 0.13399503722084366, 0.13399503722084366, 0.04218362282878412, 0.022332506203473945, 0.022332506203473945, 0.022332506203473945, 0.009925558312655087, 0.009925558312655087, 0.009925558312655087], [0.1402805611222445, 0.1402805611222445, 0.1402805611222445, 0.1402805611222445, 0.13827655310621242, 0.13827655310621242, 0.04008016032064128, 0.02404809619238477, 0.02404809619238477, 0.02404809619238477, 0.014028056112224449, 0.014028056112224449, 0.014028056112224449, 0.008016032064128256], [0.14680483592400692, 0.14680483592400692, 0.14162348877374784, 0.14162348877374784, 0.14162348877374784, 0.14162348877374784, 0.03454231433506045, 0.02072538860103627, 0.02072538860103627, 0.02072538860103627, 0.012089810017271158, 0.012089810017271158, 0.012089810017271158, 0.0069084628670120895], [0.14390602055800295, 0.14390602055800295, 0.14390602055800295, 0.14390602055800295, 0.14390602055800295, 0.14390602055800295, 0.033773861967694566, 0.020558002936857563, 0.020558002936857563, 0.020558002936857563, 0.011747430249632892, 0.011747430249632892, 0.011747430249632892, 0.005873715124816446], [0.14285714285714285, 0.14285714285714285, 0.14285714285714285, 0.14285714285714285, 0.1391941391941392, 0.1391941391941392, 0.03540903540903541, 0.02197802197802198, 0.02197802197802198, 0.02197802197802198, 0.013431013431013432, 0.013431013431013432, 0.013431013431013432, 0.008547008547008548], [0.1432896064581231, 0.1432896064581231, 0.14127144298688193, 0.14127144298688193, 0.14127144298688193, 0.14127144298688193, 0.035317860746720484, 0.022199798183652877, 0.022199798183652877, 0.022199798183652877, 0.013118062563067608, 0.013118062563067608, 0.013118062563067608, 0.007063572149344097], [0.1423455684870188, 0.1423455684870188, 0.1405550581915846, 0.1405550581915846, 0.1405550581915846, 0.1405550581915846, 0.03401969561324977, 0.022381378692927483, 0.022381378692927483, 0.022381378692927483, 0.01432408236347359, 0.01432408236347359, 0.01432408236347359, 0.008952551477170993], [0.1453444360333081, 0.1453444360333081, 0.1453444360333081, 0.1453444360333081, 0.14155942467827404, 0.14155942467827404, 0.029523088569265707, 0.01968205904617714, 0.01968205904617714, 0.01968205904617714, 0.012869038607115822, 0.012869038607115822, 0.012869038607115822, 0.008327024981074944], [0.14867617107942974, 0.14867617107942974, 0.14120841819416158, 0.14120841819416158, 0.14120841819416158, 0.14120841819416158, 0.03054989816700611, 0.020366598778004074, 0.020366598778004074, 0.020366598778004074, 0.012898845892735914, 0.012898845892735914, 0.012898845892735914, 0.00746775288526816], [0.14157168566286743, 0.14157168566286743, 0.14157168566286743, 0.14157168566286743, 0.14157168566286743, 0.14157168566286743, 0.03059388122375525, 0.021595680863827234, 0.021595680863827234, 0.021595680863827234, 0.014997000599880024, 0.014997000599880024, 0.014997000599880024, 0.010197960407918417], [0.14663072776280323, 0.14663072776280323, 0.14285714285714285, 0.14285714285714285, 0.14285714285714285, 0.14285714285714285, 0.027493261455525605, 0.01940700808625337, 0.01940700808625337, 0.01940700808625337, 0.013477088948787063, 0.013477088948787063, 0.013477088948787063, 0.009164420485175202], [0.14332861857614332, 0.14332861857614332, 0.14332861857614332, 0.14332861857614332, 0.14144271570014144, 0.14144271570014144, 0.0297029702970297, 0.020744931636020744, 0.020744931636020744, 0.020744931636020744, 0.014144271570014143, 0.014144271570014143, 0.014144271570014143, 0.00942951438000943], [0.1432712215320911, 0.1432712215320911, 0.1432712215320911, 0.1432712215320911, 0.14285714285714285, 0.14285714285714285, 0.02857142857142857, 0.020289855072463767, 0.020289855072463767, 0.020289855072463767, 0.014078674948240166, 0.014078674948240166, 0.014078674948240166, 0.009523809523809525], [0.1441407712467241, 0.1441407712467241, 0.1415200299513291, 0.1415200299513291, 0.1415200299513291, 0.1415200299513291, 0.02920254586297267, 0.020965930363159864, 0.020965930363159864, 0.020965930363159864, 0.014601272931486334, 0.014601272931486334, 0.014601272931486334, 0.009734181954324224], [0.7092984222893588, 0.14400805639476336, 0.028197381671701913, 0.02081235313863713, 0.02081235313863713, 0.02081235313863713, 0.015105740181268883, 0.015105740181268883, 0.015105740181268883, 0.010741859684457872], [0.7134430301148712, 0.14343371623719342, 0.027010245265445515, 0.020180068301769636, 0.020180068301769636, 0.020180068301769636, 0.014902204284383732, 0.014902204284383732, 0.014902204284383732, 0.010866190624029805], [0.7226420375034984, 0.14161768821718443, 0.02518891687657431, 0.01903162608452281, 0.01903162608452281, 0.01903162608452281, 0.014273719563392108, 0.014273719563392108, 0.014273719563392108, 0.010635320458998041], [0.7129559748427673, 0.13937106918238995, 0.027924528301886794, 0.02088050314465409, 0.02088050314465409, 0.02088050314465409, 0.015345911949685535, 0.015345911949685535, 0.015345911949685535, 0.011069182389937107], [0.7112237842820927, 0.14611661673196588, 0.026503802719520627, 0.02005070292694169, 0.02005070292694169, 0.02005070292694169, 0.014980410232772528, 0.014980410232772528, 0.014980410232772528, 0.011062456787278175], [0.7111624973722934, 0.14357788522177845, 0.026697498423376077, 0.0203910027328148, 0.0203910027328148, 0.0203910027328148, 0.015345806180365776, 0.015345806180365776, 0.015345806180365776, 0.011351692243010301], [0.7100487804878048, 0.1457560975609756, 0.02595121951219512, 0.020097560975609757, 0.020097560975609757, 0.020097560975609757, 0.015414634146341463, 0.015414634146341463, 0.015414634146341463, 0.011707317073170732], [0.7115280534006856, 0.14432617716038246, 0.02561789644596789, 0.020025257081003067, 0.020025257081003067, 0.020025257081003067, 0.015515064044741116, 0.015515064044741116, 0.015515064044741116, 0.011906909615731553], [0.7057650772553581, 0.14553912610068118, 0.026084067120784184, 0.02060142880877222, 0.02060142880877222, 0.02060142880877222, 0.01611563382621698, 0.01611563382621698, 0.01611563382621698, 0.012460541618209005], [0.7075722092115535, 0.14800936768149883, 0.02544886807181889, 0.01998438719750195, 0.01998438719750195, 0.01998438719750195, 0.0156128024980484, 0.0156128024980484, 0.0156128024980484, 0.012177985948477752], [0.7046661880832735, 0.1487437185929648, 0.02555635319454415, 0.02024407753050969, 0.02024407753050969, 0.02024407753050969, 0.015936826992103373, 0.015936826992103373, 0.015936826992103373, 0.01249102656137832], [0.6975093733261918, 0.14970540974825924, 0.026647027316550616, 0.021156936261381896, 0.021156936261381896, 0.021156936261381896, 0.016604177825388325, 0.016604177825388325, 0.016604177825388325, 0.012854847348687734], [0.6940599043543921, 0.15328467153284672, 0.02617669267556003, 0.021016863830858292, 0.021016863830858292, 0.021016863830858292, 0.016737981374276366, 0.016737981374276366, 0.016737981374276366, 0.01321419582179713], [0.6923167848699764, 0.15295508274231678, 0.02635933806146572, 0.02127659574468085, 0.02127659574468085, 0.02127659574468085, 0.01702127659574468, 0.01702127659574468, 0.01702127659574468, 0.01347517730496454], [0.6919010123734534, 0.15545556805399324, 0.02575928008998875, 0.02092238470191226, 0.02092238470191226, 0.02092238470191226, 0.01687289088863892, 0.01687289088863892, 0.01687289088863892, 0.013498312710911136], [0.6912486659551761, 0.15645677694770543, 0.025720384204909286, 0.020917822838847386, 0.0208110992529349, 0.0208110992529349, 0.016862326574172894, 0.016862326574172894, 0.016755602988260405, 0.013553895410885806], [0.6852665202635256, 0.15751647035336394, 0.026552206029147533, 0.021561189858255142, 0.021561189858255142, 0.021561189858255142, 0.01736873627470553, 0.01736873627470553, 0.01736873627470553, 0.013875024955080854], [0.6752538548326439, 0.1608687476494923, 0.027265889432117336, 0.02237683339601354, 0.02237683339601354, 0.02237683339601354, 0.018239939827002633, 0.018239939827002633, 0.018239939827002633, 0.014761188416698007], [0.6745147375988497, 0.16238317757009346, 0.026869158878504672, 0.02219626168224299, 0.02219626168224299, 0.02219626168224299, 0.018242271746944642, 0.018242271746944642, 0.018242271746944642, 0.014917325664989217], [0.6697325838869017, 0.16547436552546416, 0.026997104411514223, 0.022398228581161642, 0.022398228581161642, 0.022398228581161642, 0.018480667688639072, 0.018480667688639072, 0.018480667688639072, 0.015159257366717764], [0.6690635724791633, 0.16693904232717766, 0.026883477692433405, 0.022307566595848996, 0.022307566595848996, 0.022307566595848996, 0.01838535708449093, 0.01838535708449093, 0.01838535708449093, 0.015035136460205916], [0.663210807414389, 0.16894439208294063, 0.027018535972353125, 0.022463085139805217, 0.022463085139805217, 0.022463085139805217, 0.018614514608859566, 0.018614514608859566, 0.018614514608859566, 0.015394282123782596, 0.0005497957901350927, 0.0005497957901350927, 0.0005497957901350927, 0.0005497957901350927], [0.6505143879528851, 0.1707917101535709, 0.027881318025943045, 0.023259281347845533, 0.023259281347845533, 0.023259281347845533, 0.019308185477858952, 0.019308185477858952, 0.019308185477858952, 0.01595348143730431, 0.0017891754882958103, 0.0017891754882958103, 0.0017891754882958103, 0.0017891754882958103], [0.6419359410430839, 0.18310657596371882, 0.028202947845804988, 0.02366780045351474, 0.02366780045351474, 0.02366780045351474, 0.019770408163265307, 0.019770408163265307, 0.019770408163265307, 0.016439909297052153], [0.6361968193557156, 0.19029495718363462, 0.027864618730460786, 0.023447057224412125, 0.023447057224412125, 0.023447057224412125, 0.01964115808073943, 0.01964115808073943, 0.01964115808073943, 0.016378958814734265], [0.6206650214313547, 0.19898688141317053, 0.028834913625146123, 0.024353812183400443, 0.024353812183400443, 0.024353812183400443, 0.020457202234056372, 0.020457202234056372, 0.020457202234056372, 0.017080140277958178], [0.6947546743631572, 0.20680135525159996, 0.028799096498933367, 0.024469820554649267, 0.024469820554649267, 0.020705232777010918], [0.9022656866913685, 0.028609609427200387, 0.024296908218429204, 0.024296908218429204, 0.02053088744457268], [0.8999130182661641, 0.02922586256886054, 0.024876775877065816, 0.024876775877065816, 0.021107567410843724], [0.8972728793709218, 0.0299481345156433, 0.02554235681222464, 0.02554235681222464, 0.021694272488985557], [0.8959175969368495, 0.03025400420643909, 0.025885779000161785, 0.025885779000161785, 0.022056840856387854], [1.0], [1.0], [1.0], [1.0], [1.0], [1.0], [1.0], [1.0], [1.0], [1.0], [1.0], [1.0], [1.0], [1.0], [1.0], [1.0], [1.0], [1.0], [1.0], [1.0], [1.0], [1.0], [1.0], [1.0], [1.0], [1.0], [1.0], [1.0], [1.0], [1.0], [1.0], [1.0], [1.0], [1.0], [1.0], [1.0], [1.0], [1.0], [1.0], [1.0]]