[[1.0], [1.0], [1.0], [1.0], [1.0], [1.0], [1.0], [1.0], [1.0], [1.0], [1.0], [1.0], [1.0], [1.0], [1.0], [1.0], [1.0], [1.0], [1.0], [1.0], [1.0], [1.0], [1.0], [1.0], [1.0], [1.0], [1.0], [1.0], [1.0], [1.0], [1.0], [1.0], [1.0], [1.0], [0.8637515842839036, 0.03929024081115336, 0.03929024081115336, 0.03929024081115336, 0.018377693282636248], [0.8968253968253969, 0.030303030303030304, 0.030303030303030304, 0.030303030303030304, 0.012265512265512266], [0.9115805946791862, 0.025821596244131457, 0.025821596244131457, 0.025821596244131457, 0.010954616588419406], [0.918943533697632, 0.023679417122040074, 0.023679417122040074, 0.023679417122040074, 0.010018214936247723], [0.9152380952380952, 0.024761904761904763, 0.024761904761904763, 0.024761904761904763, 0.010476190476190476], [0.9452214452214452, 0.016317016317016316, 0.016317016317016316, 0.016317016317016316, 0.005827505827505828], [0.9452214452214452, 0.016317016317016316, 0.016317016317016316, 0.016317016317016316, 0.005827505827505828], [0.9575342465753425, 0.012328767123287671, 0.012328767123287671, 0.012328767123287671, 0.005479452054794521], [0.9700315457413249, 0.00946372239747634, 0.00946372239747634, 0.00946372239747634], [0.9732441471571907, 0.005016722408026756, 0.005016722408026756, 0.005016722408026756], [0.9779735682819384], [1.0], [1.0], [0.6832844574780058, 0.10557184750733138, 0.10557184750733138, 0.10557184750733138], [0.7551020408163265, 0.08163265306122448, 0.08163265306122448, 0.08163265306122448], [0.8272251308900523, 0.05759162303664921, 0.05759162303664921, 0.05759162303664921], [0.8272251308900523, 0.05759162303664921, 0.05759162303664921, 0.05759162303664921], [0.8378378378378378, 0.05405405405405406, 0.05405405405405406, 0.05405405405405406], [0.8461538461538461, 0.05128205128205128, 0.05128205128205128, 0.05128205128205128], [0.9655172413793104], [0.9655172413793104], [0.9655172413793104], [1.0], [1.0], [1.0], [1.0], [1.0], [1.0], [1.0], [1.0], [], [], [], [], [], [], [], [], [], [], [], [], [], [], []]