{"colors_to_do": [5], "radii": [0.11, 0.12, 0.13, 0.14, 0.15, 0.16, 0.17, 0.18, 0.19, 0.2, 0.21, 0.22, 0.23, 0.24, 0.25, 0.26, 0.27, 0.28, 0.29, 0.3, 0.31, 0.32, 0.33, 0.34, 0.35, 0.36, 0.37, 0.38, 0.39, 0.4, 0.41, 0.42, 0.43, 0.44, 0.45, 0.46, 0.47, 0.48, 0.49, 0.5, 0.51, 0.52, 0.53, 0.54, 0.55, 0.56], "structure_url": "https://doi.org/10.1016/j.ssc.2010.06.012", "wyckoff_positions": ["a", "d"], "min_connection_radius": 0.25, "omega_stars": [0.439205699417617], "code": 167836, "has_gaps_at": [[10, 12, 14, 16]], "international": "m-3m", "radii_to_do": [0.43], "sg_number": 221, "pointgroup": "m-3m", "has_gap": true, "featured": false, "fill_fraction": [0.977624, 0.971011, 0.963189, 0.954004, 0.943431, 0.931265, 0.917664, 0.902262, 0.885058, 0.865922, 0.844821, 0.821562, 0.796133, 0.76868, 0.738262, 0.706438, 0.674571, 0.640895, 0.606974, 0.574211, 0.54061, 0.505351, 0.470883, 0.436381, 0.400974, 0.366355, 0.333556, 0.302536, 0.273237, 0.245713, 0.219773, 0.195669, 0.173097, 0.152274, 0.133088, 0.115472, 0.099763, 0.085054, 0.072686, 0.061566, 0.052238, 0.043791, 0.036641, 0.030208, 0.024911, 0.02017], "code_source": "ICSD", "has_gaps_above_band": [5], "has_gaps_of_size": [15.043530139992258], "common_name": "Inverse Copper Nitride", "IBZ_sphericity": 0.5235987755982993, "CN": [2, 6], "site_symmetries": ["4/mmm", "m-3m"], "num_jobs": 118, "photonics_url": "New", "connection_radius": 0.34, "image_keys": {"5": [[0, 0], [0, 90], [45, 45], [90, 0]]}, "fix_name": false, "gap_threshold_radii": [0.35], "clusters": [[1.0], [1.0], [1.0], [1.0], [1.0], [1.0], [1.0], [1.0], [1.0], [1.0], [1.0], [1.0], [1.0], [1.0], [1.0], [1.0], [1.0], [1.0], [1.0], [1.0], [1.0], [1.0], [1.0], [1.0], [1.0], [1.0], [1.0], [1.0], [1.0], [1.0], [1.0], [1.0], [1.0], [1.0], [0.8637515842839036, 0.03929024081115336, 0.03929024081115336, 0.03929024081115336, 0.018377693282636248], [0.8968253968253969, 0.030303030303030304, 0.030303030303030304, 0.030303030303030304, 0.012265512265512266], [0.9115805946791862, 0.025821596244131457, 0.025821596244131457, 0.025821596244131457, 0.010954616588419406], [0.918943533697632, 0.023679417122040074, 0.023679417122040074, 0.023679417122040074, 0.010018214936247723], [0.9152380952380952, 0.024761904761904763, 0.024761904761904763, 0.024761904761904763, 0.010476190476190476], [0.9452214452214452, 0.016317016317016316, 0.016317016317016316, 0.016317016317016316, 0.005827505827505828], [0.9452214452214452, 0.016317016317016316, 0.016317016317016316, 0.016317016317016316, 0.005827505827505828], [0.9575342465753425, 0.012328767123287671, 0.012328767123287671, 0.012328767123287671, 0.005479452054794521], [0.9700315457413249, 0.00946372239747634, 0.00946372239747634, 0.00946372239747634], [0.9732441471571907, 0.005016722408026756, 0.005016722408026756, 0.005016722408026756], [0.9779735682819384], [1.0], [1.0], [0.6832844574780058, 0.10557184750733138, 0.10557184750733138, 0.10557184750733138], [0.7551020408163265, 0.08163265306122448, 0.08163265306122448, 0.08163265306122448], [0.8272251308900523, 0.05759162303664921, 0.05759162303664921, 0.05759162303664921], [0.8272251308900523, 0.05759162303664921, 0.05759162303664921, 0.05759162303664921], [0.8378378378378378, 0.05405405405405406, 0.05405405405405406, 0.05405405405405406], [0.8461538461538461, 0.05128205128205128, 0.05128205128205128, 0.05128205128205128], [0.9655172413793104], [0.9655172413793104], [0.9655172413793104], [1.0], [1.0], [1.0], [1.0], [1.0], [1.0], [1.0], [1.0], [], [], [], [], [], [], [], [], [], [], [], [], [], [], []], "connection_radii": [[0.2, 0.25, 0.3, 0.35, 0.4, 0.45, 0.5, 0.55, 0.6, 0.65, 0.7, 0.75, 0.8, 0.85, 0.9, 0.95], [0.64, 0.64, 0.64, 0.64, 0.64, 0.64, 0.64, 0.64, 0.64, 0.64, 0.47, 0.47, 0.47, 0.47, 0.34, 0.34]], "min_connection_phi": 0.738262, "proportion_of_high_eps_in_largest_cluster": [1.0, 1.0, 1.0, 1.0, 1.0, 1.0, 1.0, 1.0, 1.0, 1.0, 1.0, 1.0, 1.0, 1.0, 1.0, 1.0, 1.0, 1.0, 1.0, 1.0, 1.0, 1.0, 1.0, 1.0, 1.0, 1.0, 1.0, 1.0, 1.0, 1.0, 1.0, 1.0, 1.0, 1.0, 0.8637515842839036, 0.8968253968253969, 0.9115805946791862, 0.918943533697632, 0.9152380952380952, 0.9452214452214452, 0.9452214452214452, 0.9575342465753425, 0.9700315457413249, 0.9732441471571907, 0.9779735682819384, 1.0, 1.0, 0.6832844574780058, 0.7551020408163265, 0.8272251308900523, 0.8272251308900523, 0.8378378378378378, 0.8461538461538461, 0.9655172413793104, 0.9655172413793104, 0.9655172413793104, 1.0, 1.0, 1.0, 1.0, 1.0, 1.0, 1.0, 1.0, 0.0, 0.0, 0.0, 0.0, 0.0, 0.0, 0.0, 0.0, 0.0, 0.0, 0.0, 0.0, 0.0, 0.0, 0.0], "not_tags": ["chiral", "gap_optimized_when_high_eps_connected"], "tags": ["gap_optimized_when_high_eps_disconnected"], "old_cp": 0.738262, "connection_phi": 0.436381, "void_connection_phi": 0.261721, "kp_labels": ["GAMMA", "X", "M", "GAMMA", "R", "X", "R", "M"], "kpoints": [[0.0, 0.0, 0.0], [0.0, 0.5, 0.0], [0.5, 0.5, 0.0], [0.0, 0.0, 0.0], [0.5, 0.5, 0.5], [0.0, 0.5, 0.0], [0.5, 0.5, 0.5], [0.5, 0.5, 0.0]], "ready": true, "pdos_stored": true}