[[1.0], [1.0], [1.0], [1.0], [1.0], [1.0], [1.0], [1.0], [1.0], [1.0], [1.0], [1.0], [1.0], [1.0], [1.0], [1.0], [1.0], [1.0], [1.0], [1.0], [1.0], [1.0], [1.0], [1.0], [1.0], [1.0], [1.0], [1.0], [1.0], [1.0], [1.0], [1.0], [1.0], [1.0], [1.0], [1.0], [1.0], [1.0], [1.0], [0.9988465974625144, 0.0011534025374855825], [0.9987654320987654, 0.0012345679012345679], [0.9723684210526315, 0.02368421052631579, 0.0013157894736842105, 0.0013157894736842105, 0.0013157894736842105], [0.9772079772079773, 0.021367521367521368, 0.0014245014245014246], [0.956390977443609, 0.021052631578947368, 0.021052631578947368, 0.0015037593984962407], [0.9533011272141707, 0.02254428341384863, 0.020933977455716585, 0.001610305958132045, 0.001610305958132045], [0.9555555555555556, 0.022222222222222223, 0.020512820512820513, 0.0017094017094017094], [0.9049360146252285, 0.05301645338208409, 0.021937842778793418, 0.018281535648994516, 0.0018281535648994515], [0.9110671936758893, 0.05138339920948617, 0.019762845849802372, 0.017786561264822136], [0.8199152542372882, 0.09322033898305085, 0.048728813559322036, 0.019067796610169493, 0.019067796610169493], [0.8280542986425339, 0.08597285067873303, 0.04751131221719457, 0.020361990950226245, 0.01809954751131222], [0.8382352941176471, 0.08088235294117647, 0.04411764705882353, 0.0196078431372549, 0.01715686274509804], [0.8507853403141361, 0.07591623036649214, 0.03926701570680628, 0.01832460732984293, 0.015706806282722512], [0.8480662983425414, 0.07734806629834254, 0.03867403314917127, 0.019337016574585635, 0.016574585635359115], [0.8431952662721893, 0.07692307692307693, 0.038461538461538464, 0.020710059171597635, 0.01775147928994083, 0.0029585798816568047], [0.847972972972973, 0.07432432432432433, 0.037162162162162164, 0.016891891891891893, 0.013513513513513514, 0.0033783783783783786, 0.0033783783783783786, 0.0033783783783783786], [0.8540145985401459, 0.072992700729927, 0.040145985401459854, 0.014598540145985401, 0.014598540145985401, 0.0036496350364963502], [0.8527131782945736, 0.07364341085271318, 0.03875968992248062, 0.015503875968992248, 0.015503875968992248, 0.003875968992248062], [0.8410041841004184, 0.06694560669456066, 0.03347280334728033, 0.02092050209205021, 0.016736401673640166, 0.016736401673640166, 0.0041841004184100415], [0.7870370370370371, 0.06944444444444445, 0.06481481481481481, 0.023148148148148147, 0.018518518518518517, 0.018518518518518517, 0.018518518518518517], [0.8082191780821918, 0.0547945205479452, 0.0547945205479452, 0.0319634703196347, 0.0182648401826484, 0.0182648401826484, 0.0136986301369863], [0.8160919540229885, 0.06321839080459771, 0.05172413793103448, 0.028735632183908046, 0.022988505747126436, 0.011494252873563218, 0.005747126436781609], [0.832258064516129, 0.05806451612903226, 0.05806451612903226, 0.01935483870967742, 0.012903225806451613, 0.012903225806451613, 0.0064516129032258064], [0.8581560283687943, 0.05673758865248227, 0.04964539007092199, 0.014184397163120567, 0.0070921985815602835, 0.0070921985815602835, 0.0070921985815602835], [0.8721804511278195, 0.05263157894736842, 0.03759398496240601, 0.015037593984962405, 0.007518796992481203, 0.007518796992481203, 0.007518796992481203], [0.8790322580645161, 0.056451612903225805, 0.04032258064516129, 0.008064516129032258, 0.008064516129032258, 0.008064516129032258], [0.8596491228070176, 0.05263157894736842, 0.03508771929824561, 0.02631578947368421, 0.008771929824561403, 0.008771929824561403, 0.008771929824561403], [0.79, 0.09, 0.03, 0.02, 0.02, 0.02, 0.01, 0.01, 0.01], [0.8131868131868132, 0.08791208791208792, 0.02197802197802198, 0.02197802197802198, 0.01098901098901099, 0.01098901098901099, 0.01098901098901099, 0.01098901098901099, 0.01098901098901099], [0.8433734939759037, 0.07228915662650602, 0.024096385542168676, 0.012048192771084338, 0.012048192771084338, 0.012048192771084338, 0.012048192771084338, 0.012048192771084338], [0.5942028985507246, 0.2753623188405797, 0.057971014492753624, 0.028985507246376812, 0.014492753623188406, 0.014492753623188406, 0.014492753623188406], [0.6101694915254238, 0.288135593220339, 0.05084745762711865, 0.01694915254237288, 0.01694915254237288, 0.01694915254237288], [0.5769230769230769, 0.3269230769230769, 0.057692307692307696, 0.019230769230769232, 0.019230769230769232], [0.6428571428571429, 0.30952380952380953, 0.047619047619047616]]