[[1.0], [1.0], [1.0], [1.0], [1.0], [1.0], [1.0], [1.0], [1.0], [1.0], [1.0], [1.0], [1.0], [1.0], [1.0], [1.0], [1.0], [1.0], [1.0], [1.0], [1.0], [1.0], [1.0], [1.0], [1.0], [1.0], [1.0], [1.0], [1.0], [1.0], [1.0], [1.0], [1.0], [1.0], [1.0], [1.0], [1.0], [1.0], [1.0], [1.0], [1.0], [0.9983498349834984, 0.0016501650165016502], [1.0], [0.5232876712328767, 0.4767123287671233], [0.5289719626168224, 0.4654205607476635, 0.005607476635514018], [0.531584062196307, 0.4042759961127308, 0.05928085519922255, 0.003887269193391642, 0.0009718172983479105], [0.537, 0.407, 0.054, 0.002], [0.46557040082219936, 0.4090441932168551, 0.07194244604316546, 0.051387461459403906, 0.0020554984583761563], [0.47002141327623126, 0.4207708779443255, 0.06638115631691649, 0.04068522483940043, 0.0010706638115631692, 0.0010706638115631692], [0.47530186608122943, 0.42041712403951703, 0.06256860592755215, 0.03951701427003293, 0.0010976948408342481, 0.0010976948408342481], [0.47904869762174407, 0.4258210645526614, 0.057757644394110984, 0.035107587768969425, 0.0011325028312570782, 0.0011325028312570782], [0.4857142857142857, 0.42742857142857144, 0.04342857142857143, 0.03428571428571429, 0.008, 0.001142857142857143], [0.491186839012926, 0.4300822561692127, 0.036427732079905996, 0.036427732079905996, 0.005875440658049354], [0.4891566265060241, 0.43734939759036146, 0.03975903614457831, 0.02891566265060241, 0.004819277108433735], [0.4902676399026764, 0.4391727493917275, 0.0413625304136253, 0.0267639902676399, 0.0024330900243309003], [0.49133663366336633, 0.4443069306930693, 0.039603960396039604, 0.022277227722772276, 0.0024752475247524753], [0.4962311557788945, 0.4484924623115578, 0.035175879396984924, 0.017587939698492462, 0.002512562814070352], [0.49607329842931935, 0.4607329842931937, 0.032722513089005235, 0.007853403141361256, 0.002617801047120419], [0.49523809523809526, 0.47891156462585033, 0.02585034013605442], [0.49577464788732395, 0.49577464788732395, 0.007042253521126761, 0.0014084507042253522], [0.49712643678160917, 0.4942528735632184, 0.004310344827586207, 0.004310344827586207], [0.5029498525073747, 0.4911504424778761, 0.004424778761061947, 0.0014749262536873156], [0.5075301204819277, 0.4894578313253012, 0.0015060240963855422, 0.0015060240963855422], [0.512937595129376, 0.4855403348554033, 0.0015220700152207], [0.5190839694656488, 0.48091603053435117], [0.5302325581395348, 0.4697674418604651], [0.5314465408805031, 0.46855345911949686], [0.5340729001584786, 0.4659270998415214], [0.5321543408360129, 0.4678456591639871], [0.5301794453507341, 0.4698205546492659], [0.535, 0.465], [0.5417376490630323, 0.45826235093696766], [0.5505226480836237, 0.44947735191637633], [0.5530035335689046, 0.4469964664310954], [0.5561497326203209, 0.44385026737967914], [0.5500910746812386, 0.44990892531876137], [0.5425925925925926, 0.45740740740740743], [0.5464684014869888, 0.45353159851301117], [0.5430210325047801, 0.4569789674952199], [0.5305719921104537, 0.46942800788954636], [0.53, 0.47], [0.5291750503018109, 0.4708249496981891], [0.523517382413088, 0.47648261758691207], [0.5217391304347826, 0.4782608695652174], [0.5188284518828452, 0.4811715481171548], [0.5168067226890757, 0.4831932773109244], [0.5116772823779193, 0.4883227176220807], [0.5085470085470085, 0.49145299145299143], [0.5106382978723404, 0.48936170212765956], [0.5064377682403434, 0.49356223175965663], [0.509594882729211, 0.4904051172707889], [0.5106382978723404, 0.48936170212765956], [0.5010845986984815, 0.49891540130151846], [0.5066079295154186, 0.4933920704845815], [0.5145413870246085, 0.4854586129753915], [0.5227272727272727, 0.4772727272727273], [0.5299539170506913, 0.4700460829493088], [0.5348837209302325, 0.46511627906976744], [0.539906103286385, 0.460093896713615], [0.5515587529976019, 0.44844124700239807], [0.5555555555555556, 0.4444444444444444], [0.5651105651105651, 0.4348894348894349], [0.5609756097560976, 0.43902439024390244], [0.5623471882640587, 0.43765281173594134], [0.5623471882640587, 0.43765281173594134], [0.5637254901960784, 0.4362745098039216], [0.5665024630541872, 0.43349753694581283], [0.5620253164556962, 0.4379746835443038], [0.5672823218997362, 0.43271767810026385], [0.5674931129476584, 0.4325068870523416], [0.5505952380952381, 0.4494047619047619], [0.532871972318339, 0.4671280276816609], [0.5076335877862596, 0.49236641221374045], [0.5121951219512195, 0.4878048780487805], [0.5191489361702127, 0.451063829787234, 0.029787234042553193], [0.5391705069124424, 0.42857142857142855, 0.03225806451612903], [0.5275229357798165, 0.43119266055045874, 0.04128440366972477], [0.5324074074074074, 0.4074074074074074, 0.06018518518518518], [0.5348837209302325, 0.46511627906976744], [0.5253456221198156, 0.47465437788018433], [0.5436893203883495, 0.4563106796116505], [0.5343137254901961, 0.46568627450980393], [0.5351351351351351, 0.3891891891891892, 0.07567567567567568], [0.5340909090909091, 0.38636363636363635, 0.07954545454545454], [0.5487804878048781, 0.45121951219512196], [0.5675675675675675, 0.43243243243243246], [0.627906976744186, 0.31007751937984496, 0.06201550387596899], [0.64, 0.312, 0.048], [0.6581196581196581, 0.3418803418803419], [0.6752136752136753, 0.3247863247863248], [0.6727272727272727, 0.20909090909090908, 0.09090909090909091, 0.02727272727272727], [0.6764705882352942, 0.29411764705882354, 0.029411764705882353], [0.6804123711340206, 0.20618556701030927, 0.09278350515463918, 0.020618556701030927], [0.43564356435643564, 0.25742574257425743, 0.2079207920792079, 0.07920792079207921, 0.019801980198019802], [0.6447368421052632, 0.17105263157894737, 0.09210526315789473, 0.05263157894736842, 0.02631578947368421, 0.013157894736842105], [0.5849056603773585, 0.16981132075471697, 0.1320754716981132, 0.07547169811320754, 0.018867924528301886, 0.018867924528301886], [0.5, 0.11538461538461539, 0.11538461538461539, 0.07692307692307693, 0.07692307692307693, 0.07692307692307693, 0.038461538461538464], [0.75, 0.16666666666666666, 0.08333333333333333], [1.0], [0.5, 0.5]]