[[1.0], [1.0], [1.0], [1.0], [1.0], [1.0], [1.0], [1.0], [1.0], [1.0], [1.0], [1.0], [1.0], [1.0], [1.0], [1.0], [1.0], [1.0], [1.0], [1.0], [1.0], [1.0], [1.0], [1.0], [1.0], [1.0], [1.0], [1.0], [1.0], [1.0], [0.900976290097629, 0.09902370990237098], [0.9345238095238095, 0.06547619047619048], [0.9476268412438625, 0.05237315875613748], [0.9431616341030196, 0.056838365896980464], [0.9398496240601504, 0.06015037593984962], [0.9362549800796812, 0.06374501992031872], [0.9354838709677419, 0.06451612903225806], [0.7036247334754797, 0.20042643923240938, 0.06823027718550106, 0.02771855010660981], [0.7524038461538461, 0.18990384615384615, 0.040865384615384616, 0.016826923076923076], [0.7620253164556962, 0.2, 0.020253164556962026, 0.017721518987341773], [0.7729885057471264, 0.1839080459770115, 0.022988505747126436, 0.020114942528735632], [0.7491408934707904, 0.19931271477663232, 0.027491408934707903, 0.024054982817869417], [0.7432950191570882, 0.19923371647509577, 0.03065134099616858, 0.02681992337164751], [0.7489711934156379, 0.18930041152263374, 0.03292181069958848, 0.02880658436213992], [0.6232558139534884, 0.21395348837209302, 0.03255813953488372, 0.018604651162790697, 0.018604651162790697, 0.018604651162790697, 0.018604651162790697, 0.018604651162790697, 0.018604651162790697, 0.018604651162790697], [0.6307692307692307, 0.18974358974358974, 0.035897435897435895, 0.020512820512820513, 0.020512820512820513, 0.020512820512820513, 0.020512820512820513, 0.020512820512820513, 0.020512820512820513, 0.020512820512820513], [0.6538461538461539, 0.21794871794871795, 0.02564102564102564, 0.02564102564102564, 0.01282051282051282, 0.01282051282051282, 0.01282051282051282, 0.01282051282051282, 0.01282051282051282, 0.01282051282051282], [0.7034482758620689, 0.18620689655172415, 0.027586206896551724, 0.013793103448275862, 0.013793103448275862, 0.013793103448275862, 0.013793103448275862, 0.013793103448275862, 0.013793103448275862], [0.7016129032258065, 0.1693548387096774, 0.03225806451612903, 0.016129032258064516, 0.016129032258064516, 0.016129032258064516, 0.016129032258064516, 0.016129032258064516, 0.016129032258064516], [0.5274725274725275, 0.16483516483516483, 0.054945054945054944, 0.054945054945054944, 0.054945054945054944, 0.02197802197802198, 0.02197802197802198, 0.02197802197802198, 0.02197802197802198, 0.02197802197802198, 0.02197802197802198, 0.01098901098901099], [0.7241379310344828, 0.034482758620689655, 0.034482758620689655, 0.034482758620689655, 0.017241379310344827, 0.017241379310344827, 0.017241379310344827, 0.017241379310344827, 0.017241379310344827, 0.017241379310344827, 0.017241379310344827, 0.017241379310344827, 0.017241379310344827, 0.017241379310344827], [0.4883720930232558, 0.09302325581395349, 0.09302325581395349, 0.09302325581395349, 0.046511627906976744, 0.046511627906976744, 0.046511627906976744, 0.023255813953488372, 0.023255813953488372, 0.023255813953488372, 0.023255813953488372], [0.16216216216216217, 0.10810810810810811, 0.10810810810810811, 0.10810810810810811, 0.08108108108108109, 0.08108108108108109, 0.08108108108108109, 0.05405405405405406, 0.05405405405405406, 0.05405405405405406, 0.02702702702702703, 0.02702702702702703, 0.02702702702702703, 0.02702702702702703], [0.15789473684210525, 0.15789473684210525, 0.15789473684210525, 0.15789473684210525, 0.10526315789473684, 0.10526315789473684, 0.10526315789473684, 0.05263157894736842], [0.23076923076923078, 0.15384615384615385, 0.15384615384615385, 0.15384615384615385, 0.07692307692307693, 0.07692307692307693, 0.07692307692307693, 0.07692307692307693], [0.18181818181818182, 0.18181818181818182, 0.18181818181818182, 0.09090909090909091, 0.09090909090909091, 0.09090909090909091, 0.09090909090909091, 0.09090909090909091], [0.16666666666666666, 0.16666666666666666, 0.16666666666666666, 0.08333333333333333, 0.08333333333333333, 0.08333333333333333, 0.08333333333333333, 0.08333333333333333, 0.08333333333333333]]