[[], [], [], [], [], [], [], [], [], [], [0.4444444444444444], [0.29411764705882354, 0.29411764705882354, 0.23529411764705882, 0.17647058823529413], [0.26666666666666666, 0.26666666666666666, 0.23333333333333334, 0.23333333333333334], [0.2571428571428571, 0.2571428571428571, 0.2571428571428571, 0.22857142857142856], [0.2826086956521739, 0.2826086956521739, 0.21739130434782608, 0.21739130434782608], [0.559322033898305, 0.22033898305084745, 0.22033898305084745], [0.5333333333333333, 0.4666666666666667], [0.5, 0.4782608695652174], [0.5148514851485149, 0.44554455445544555], [0.4957983193277311, 0.453781512605042, 0.025210084033613446, 0.025210084033613446], [0.49295774647887325, 0.44366197183098594, 0.035211267605633804, 0.028169014084507043], [0.49019607843137253, 0.42483660130718953, 0.0718954248366013], [0.45714285714285713, 0.4, 0.08, 0.022857142857142857, 0.022857142857142857], [0.422680412371134, 0.39690721649484534, 0.0979381443298969, 0.020618556701030927, 0.020618556701030927, 0.020618556701030927, 0.020618556701030927], [0.41037735849056606, 0.39622641509433965, 0.11320754716981132, 0.02358490566037736, 0.018867924528301886, 0.018867924528301886, 0.018867924528301886], [0.4034334763948498, 0.38626609442060084, 0.1072961373390558, 0.030042918454935622, 0.030042918454935622, 0.02145922746781116, 0.02145922746781116], [0.38076923076923075, 0.38076923076923075, 0.11153846153846154, 0.06923076923076923, 0.05], [0.37894736842105264, 0.3543859649122807, 0.12280701754385964, 0.07368421052631578, 0.04912280701754386, 0.010526315789473684, 0.010526315789473684], [0.3586626139817629, 0.3282674772036474, 0.1337386018237082, 0.08814589665653495, 0.060790273556231005, 0.015197568389057751, 0.015197568389057751], [0.35097493036211697, 0.31197771587743733, 0.15041782729805014, 0.08356545961002786, 0.06963788300835655, 0.016713091922005572, 0.016713091922005572], [0.34203655352480417, 0.29765013054830286, 0.1462140992167102, 0.09921671018276762, 0.0731070496083551, 0.04177545691906005], [0.3325581395348837, 0.27674418604651163, 0.14418604651162792, 0.11627906976744186, 0.08139534883720931, 0.04883720930232558], [0.3283261802575107, 0.27253218884120173, 0.148068669527897, 0.1072961373390558, 0.08798283261802575, 0.055793991416309016], [0.310546875, 0.27734375, 0.150390625, 0.103515625, 0.09375, 0.064453125], [0.2961608775137112, 0.2742230347349177, 0.15356489945155394, 0.10786106032906764, 0.09689213893967093, 0.0712979890310786], [0.28862478777589134, 0.26485568760611206, 0.15449915110356535, 0.12224108658743633, 0.09847198641765705, 0.07130730050933787], [0.29057187017001546, 0.2550231839258114, 0.1561051004636785, 0.12210200927357033, 0.10046367851622875, 0.07573415765069552], [0.28407460545193686, 0.2467718794835007, 0.16355810616929697, 0.12482065997130559, 0.09612625538020086, 0.08464849354375897], [0.2779291553133515, 0.2438692098092643, 0.167574931880109, 0.12806539509536785, 0.09673024523160763, 0.08583106267029973], [0.27168367346938777, 0.23596938775510204, 0.17091836734693877, 0.125, 0.1096938775510204, 0.08673469387755102], [0.2634730538922156, 0.22874251497005987, 0.17964071856287425, 0.12455089820359282, 0.11017964071856287, 0.09341317365269461], [0.3995510662177329, 0.36924803591470257, 0.1324354657687991, 0.09876543209876543], [0.8958333333333334, 0.1, 0.004166666666666667], [1.0], [0.9963369963369964], [0.9931798806479113], [0.9968304278922345], [1.0], [1.0], [1.0], [1.0], [1.0], [1.0], [1.0], [1.0], [1.0], [1.0], [1.0], [1.0], [1.0], [1.0], [1.0], [1.0], [1.0], [1.0]]