{"colors_to_do": [8, 12], "radii": [0.14, 0.15, 0.16, 0.17, 0.18, 0.19, 0.2, 0.21, 0.22, 0.23, 0.24, 0.25, 0.26, 0.27, 0.28, 0.29, 0.3, 0.31, 0.32, 0.33, 0.34, 0.35, 0.36, 0.37, 0.38, 0.39, 0.4, 0.41, 0.42, 0.43, 0.44, 0.45, 0.46, 0.47, 0.48, 0.49, 0.5, 0.51, 0.52, 0.53, 0.54, 0.55, 0.56, 0.57, 0.58], "structure_url": "https://doi.org/10.1063/1.3118970", "wyckoff_positions": ["f"], "min_connection_radius": 0.2284947122900206, "omega_stars": [0.3619359882430475, 0.39761277631827746], "code": 164724, "has_gaps_at": [[14, 16], []], "international": "mcm", "radii_to_do": [0.33, 0.32], "sg_number": 194, "pointgroup": "6/mmm", "has_gap": true, "featured": false, "fill_fraction": [0.022896, 0.026208, 0.030804, 0.036934, 0.044017, 0.051681, 0.060185, 0.069824, 0.080235, 0.091417, 0.103903, 0.117066, 0.131001, 0.145804, 0.161498, 0.178033, 0.195487, 0.213914, 0.233232, 0.253617, 0.274895, 0.297281, 0.320671, 0.345296, 0.370797, 0.397569, 0.425358, 0.45436, 0.484558, 0.516095, 0.548433, 0.582496, 0.617499, 0.65393, 0.691959, 0.730804, 0.771581, 0.811302, 0.848423, 0.881863, 0.908282, 0.931886, 0.950421, 0.96502, 0.975858], "code_source": "ICSD", "has_gaps_above_band": [8, 12], "has_gaps_of_size": [1.098993154983829, 0.01353525220592154], "common_name": "Oxygen (eta)", "IBZ_sphericity": 0.5224257582487143, "CN": [1], "site_symmetries": ["3m"], "num_jobs": 91, "photonics_url": "New", "connection_radius": 0.46, "image_keys": {"8": [[0, 0], [0, 90], [45, 45], [90, 0]], "12": [[0, 0], [0, 90], [45, 45], [90, 0]]}, "fix_name": false, "gap_threshold_radii": [0.3, 0.32], "ind": 30, "cr": 0.33, "clusters": [[], [], [], [], [], [], [], [], [], [], [0.4444444444444444], [0.29411764705882354, 0.29411764705882354, 0.23529411764705882, 0.17647058823529413], [0.26666666666666666, 0.26666666666666666, 0.23333333333333334, 0.23333333333333334], [0.2571428571428571, 0.2571428571428571, 0.2571428571428571, 0.22857142857142856], [0.2826086956521739, 0.2826086956521739, 0.21739130434782608, 0.21739130434782608], [0.559322033898305, 0.22033898305084745, 0.22033898305084745], [0.5333333333333333, 0.4666666666666667], [0.5, 0.4782608695652174], [0.5148514851485149, 0.44554455445544555], [0.4957983193277311, 0.453781512605042, 0.025210084033613446, 0.025210084033613446], [0.49295774647887325, 0.44366197183098594, 0.035211267605633804, 0.028169014084507043], [0.49019607843137253, 0.42483660130718953, 0.0718954248366013], [0.45714285714285713, 0.4, 0.08, 0.022857142857142857, 0.022857142857142857], [0.422680412371134, 0.39690721649484534, 0.0979381443298969, 0.020618556701030927, 0.020618556701030927, 0.020618556701030927, 0.020618556701030927], [0.41037735849056606, 0.39622641509433965, 0.11320754716981132, 0.02358490566037736, 0.018867924528301886, 0.018867924528301886, 0.018867924528301886], [0.4034334763948498, 0.38626609442060084, 0.1072961373390558, 0.030042918454935622, 0.030042918454935622, 0.02145922746781116, 0.02145922746781116], [0.38076923076923075, 0.38076923076923075, 0.11153846153846154, 0.06923076923076923, 0.05], [0.37894736842105264, 0.3543859649122807, 0.12280701754385964, 0.07368421052631578, 0.04912280701754386, 0.010526315789473684, 0.010526315789473684], [0.3586626139817629, 0.3282674772036474, 0.1337386018237082, 0.08814589665653495, 0.060790273556231005, 0.015197568389057751, 0.015197568389057751], [0.35097493036211697, 0.31197771587743733, 0.15041782729805014, 0.08356545961002786, 0.06963788300835655, 0.016713091922005572, 0.016713091922005572], [0.34203655352480417, 0.29765013054830286, 0.1462140992167102, 0.09921671018276762, 0.0731070496083551, 0.04177545691906005], [0.3325581395348837, 0.27674418604651163, 0.14418604651162792, 0.11627906976744186, 0.08139534883720931, 0.04883720930232558], [0.3283261802575107, 0.27253218884120173, 0.148068669527897, 0.1072961373390558, 0.08798283261802575, 0.055793991416309016], [0.310546875, 0.27734375, 0.150390625, 0.103515625, 0.09375, 0.064453125], [0.2961608775137112, 0.2742230347349177, 0.15356489945155394, 0.10786106032906764, 0.09689213893967093, 0.0712979890310786], [0.28862478777589134, 0.26485568760611206, 0.15449915110356535, 0.12224108658743633, 0.09847198641765705, 0.07130730050933787], [0.29057187017001546, 0.2550231839258114, 0.1561051004636785, 0.12210200927357033, 0.10046367851622875, 0.07573415765069552], [0.28407460545193686, 0.2467718794835007, 0.16355810616929697, 0.12482065997130559, 0.09612625538020086, 0.08464849354375897], [0.2779291553133515, 0.2438692098092643, 0.167574931880109, 0.12806539509536785, 0.09673024523160763, 0.08583106267029973], [0.27168367346938777, 0.23596938775510204, 0.17091836734693877, 0.125, 0.1096938775510204, 0.08673469387755102], [0.2634730538922156, 0.22874251497005987, 0.17964071856287425, 0.12455089820359282, 0.11017964071856287, 0.09341317365269461], [0.3995510662177329, 0.36924803591470257, 0.1324354657687991, 0.09876543209876543], [0.8958333333333334, 0.1, 0.004166666666666667], [1.0], [0.9963369963369964], [0.9931798806479113], [0.9968304278922345], [1.0], [1.0], [1.0], [1.0], [1.0], [1.0], [1.0], [1.0], [1.0], [1.0], [1.0], [1.0], [1.0], [1.0], [1.0], [1.0], [1.0], [1.0]], "connection_phi": 0.617499, "connection_radii": [[0.2, 0.25, 0.3, 0.35, 0.4, 0.45, 0.5, 0.55, 0.6, 0.65, 0.7, 0.75, 0.8, 0.85, 0.9, 0.95], [0.13, 0.13, 0.44, 0.44, 0.45, 0.45, 0.45, 0.45, 0.45, 0.45, 0.45, 0.45, 0.45, 0.45, 0.46, 0.46]], "min_connection_phi": 0.091417, "proportion_of_high_eps_in_largest_cluster": [0.0, 0.0, 0.0, 0.0, 0.0, 0.0, 0.0, 0.0, 0.0, 0.0, 0.4444444444444444, 0.29411764705882354, 0.26666666666666666, 0.2571428571428571, 0.2826086956521739, 0.559322033898305, 0.5333333333333333, 0.5, 0.5148514851485149, 0.4957983193277311, 0.49295774647887325, 0.49019607843137253, 0.45714285714285713, 0.422680412371134, 0.41037735849056606, 0.4034334763948498, 0.38076923076923075, 0.37894736842105264, 0.3586626139817629, 0.35097493036211697, 0.34203655352480417, 0.3325581395348837, 0.3283261802575107, 0.310546875, 0.2961608775137112, 0.28862478777589134, 0.29057187017001546, 0.28407460545193686, 0.2779291553133515, 0.27168367346938777, 0.2634730538922156, 0.3995510662177329, 0.8958333333333334, 1.0, 0.9963369963369964, 0.9931798806479113, 0.9968304278922345, 1.0, 1.0, 1.0, 1.0, 1.0, 1.0, 1.0, 1.0, 1.0, 1.0, 1.0, 1.0, 1.0, 1.0, 1.0, 1.0, 1.0, 1.0], "not_tags": ["chiral", "diamond_derivative", "gap_optimized_when_high_eps_connected", "gap_optimized_when_high_eps_not_touching"], "tags": ["gap_optimized_when_high_eps_disconnected", "gap_optimized_when_high_eps_touching"], "void_connection_phi": 0.188698, "kp_labels": ["GAMMA", "Y", "C_0", "SIGMA_0", "GAMMA", "Z", "A_0", "E_0", "T", "Y", "GAMMA", "S", "R", "Z", "T"], "kpoints": [[0.0, 0.0, 0.0], [-0.5, 0.5, 0.0], [-0.33333333333033854, 0.6666666666696615, 0.0], [0.33333333333033854, 0.33333333333033854, 0.0], [0.0, 0.0, 0.0], [0.0, 0.0, 0.5], [0.33333333333033854, 0.33333333333033854, 0.5], [-0.33333333333033854, 0.6666666666696615, 0.5], [-0.5, 0.5, 0.5], [-0.5, 0.5, 0.0], [0.0, 0.0, 0.0], [0.0, 0.5, 0.0], [0.0, 0.5, 0.5], [0.0, 0.0, 0.5], [-0.5, 0.5, 0.5]], "bz_approved": true, "ready": true, "pdos_stored": true}