[[], [], [], [], [], [], [0.5, 0.5], [0.125, 0.125, 0.125, 0.125, 0.125, 0.125, 0.125, 0.125], [0.08333333333333333, 0.08333333333333333, 0.08333333333333333, 0.08333333333333333, 0.08333333333333333, 0.08333333333333333, 0.08333333333333333, 0.08333333333333333, 0.08333333333333333, 0.08333333333333333, 0.08333333333333333, 0.08333333333333333], [0.07142857142857142, 0.07142857142857142, 0.07142857142857142, 0.07142857142857142, 0.07142857142857142, 0.07142857142857142, 0.07142857142857142, 0.07142857142857142, 0.07142857142857142, 0.07142857142857142, 0.07142857142857142, 0.07142857142857142, 0.07142857142857142, 0.07142857142857142], [0.09090909090909091, 0.09090909090909091, 0.09090909090909091, 0.09090909090909091, 0.09090909090909091, 0.06060606060606061, 0.06060606060606061, 0.06060606060606061, 0.06060606060606061, 0.06060606060606061, 0.06060606060606061, 0.06060606060606061, 0.06060606060606061, 0.06060606060606061], [0.08695652173913043, 0.08695652173913043, 0.08695652173913043, 0.08695652173913043, 0.06521739130434782, 0.06521739130434782, 0.06521739130434782, 0.06521739130434782, 0.06521739130434782, 0.06521739130434782, 0.06521739130434782, 0.06521739130434782, 0.06521739130434782, 0.06521739130434782], [0.0847457627118644, 0.0847457627118644, 0.0847457627118644, 0.06779661016949153, 0.06779661016949153, 0.06779661016949153, 0.06779661016949153, 0.06779661016949153, 0.06779661016949153, 0.06779661016949153, 0.06779661016949153, 0.06779661016949153, 0.06779661016949153, 0.06779661016949153], [0.09333333333333334, 0.08, 0.08, 0.08, 0.08, 0.08, 0.06666666666666667, 0.06666666666666667, 0.06666666666666667, 0.06666666666666667, 0.06666666666666667, 0.06666666666666667, 0.05333333333333334, 0.05333333333333334], [0.08421052631578947, 0.07368421052631578, 0.07368421052631578, 0.07368421052631578, 0.07368421052631578, 0.07368421052631578, 0.07368421052631578, 0.07368421052631578, 0.07368421052631578, 0.07368421052631578, 0.07368421052631578, 0.07368421052631578, 0.05263157894736842, 0.05263157894736842], [0.08, 0.08, 0.08, 0.08, 0.08, 0.08, 0.07, 0.07, 0.07, 0.07, 0.07, 0.07, 0.05, 0.05], [0.08130081300813008, 0.08130081300813008, 0.07317073170731707, 0.07317073170731707, 0.07317073170731707, 0.07317073170731707, 0.07317073170731707, 0.06504065040650407, 0.06504065040650407, 0.06504065040650407, 0.06504065040650407, 0.06504065040650407, 0.06504065040650407, 0.06504065040650407, 0.008130081300813009, 0.008130081300813009], [0.07246376811594203, 0.07246376811594203, 0.07246376811594203, 0.07246376811594203, 0.07246376811594203, 0.07246376811594203, 0.07246376811594203, 0.07246376811594203, 0.06521739130434782, 0.06521739130434782, 0.06521739130434782, 0.06521739130434782, 0.06521739130434782, 0.06521739130434782, 0.007246376811594203, 0.007246376811594203, 0.007246376811594203, 0.007246376811594203], [0.07471264367816093, 0.07471264367816093, 0.07471264367816093, 0.06896551724137931, 0.06896551724137931, 0.06896551724137931, 0.06896551724137931, 0.06896551724137931, 0.06896551724137931, 0.06896551724137931, 0.06321839080459771, 0.05747126436781609, 0.05747126436781609, 0.05747126436781609, 0.017241379310344827, 0.017241379310344827, 0.011494252873563218, 0.011494252873563218], [0.07920792079207921, 0.07920792079207921, 0.07425742574257425, 0.06930693069306931, 0.06930693069306931, 0.06930693069306931, 0.06930693069306931, 0.06930693069306931, 0.06435643564356436, 0.06435643564356436, 0.0594059405940594, 0.054455445544554455, 0.054455445544554455, 0.054455445544554455, 0.019801980198019802, 0.019801980198019802, 0.01485148514851485, 0.01485148514851485], [0.07589285714285714, 0.07589285714285714, 0.07142857142857142, 0.07142857142857142, 0.07142857142857142, 0.07142857142857142, 0.07142857142857142, 0.06696428571428571, 0.06696428571428571, 0.06696428571428571, 0.05803571428571429, 0.05357142857142857, 0.05357142857142857, 0.05357142857142857, 0.017857142857142856, 0.017857142857142856, 0.017857142857142856, 0.017857142857142856], [0.0796812749003984, 0.0796812749003984, 0.07569721115537849, 0.07569721115537849, 0.07569721115537849, 0.07171314741035857, 0.06772908366533864, 0.06772908366533864, 0.06374501992031872, 0.06374501992031872, 0.05976095617529881, 0.055776892430278883, 0.05179282868525897, 0.04780876494023904, 0.01593625498007968, 0.01593625498007968, 0.01593625498007968, 0.01593625498007968], [0.08143322475570032, 0.08143322475570032, 0.0781758957654723, 0.0749185667752443, 0.07166123778501629, 0.07166123778501629, 0.06514657980456026, 0.06514657980456026, 0.06514657980456026, 0.06514657980456026, 0.05863192182410423, 0.05537459283387622, 0.05211726384364821, 0.048859934853420196, 0.016286644951140065, 0.016286644951140065, 0.016286644951140065, 0.016286644951140065], [0.07417582417582418, 0.07417582417582418, 0.07417582417582418, 0.07417582417582418, 0.07417582417582418, 0.07142857142857142, 0.07142857142857142, 0.06868131868131869, 0.06593406593406594, 0.06593406593406594, 0.057692307692307696, 0.057692307692307696, 0.0521978021978022, 0.0521978021978022, 0.016483516483516484, 0.016483516483516484, 0.013736263736263736, 0.013736263736263736, 0.0027472527472527475, 0.0027472527472527475], [0.07425742574257425, 0.07178217821782178, 0.07178217821782178, 0.07178217821782178, 0.07178217821782178, 0.07178217821782178, 0.06930693069306931, 0.06930693069306931, 0.06435643564356436, 0.06435643564356436, 0.05693069306930693, 0.05693069306930693, 0.05693069306930693, 0.054455445544554455, 0.01485148514851485, 0.01485148514851485, 0.01485148514851485, 0.01485148514851485, 0.007425742574257425, 0.007425742574257425], [0.07432432432432433, 0.07207207207207207, 0.07207207207207207, 0.07207207207207207, 0.07207207207207207, 0.07207207207207207, 0.06981981981981981, 0.06981981981981981, 0.060810810810810814, 0.060810810810810814, 0.05630630630630631, 0.05630630630630631, 0.05630630630630631, 0.05630630630630631, 0.018018018018018018, 0.015765765765765764, 0.013513513513513514, 0.013513513513513514, 0.009009009009009009, 0.009009009009009009], [0.0728744939271255, 0.0728744939271255, 0.0728744939271255, 0.0728744939271255, 0.0728744939271255, 0.0708502024291498, 0.0708502024291498, 0.06882591093117409, 0.06275303643724696, 0.06275303643724696, 0.05668016194331984, 0.05465587044534413, 0.05465587044534413, 0.05263157894736842, 0.018218623481781375, 0.018218623481781375, 0.01417004048582996, 0.01417004048582996, 0.008097165991902834, 0.008097165991902834], [0.07407407407407407, 0.07407407407407407, 0.07037037037037037, 0.07037037037037037, 0.07037037037037037, 0.06851851851851852, 0.06851851851851852, 0.06851851851851852, 0.06296296296296296, 0.06296296296296296, 0.05740740740740741, 0.05740740740740741, 0.05185185185185185, 0.05185185185185185, 0.018518518518518517, 0.016666666666666666, 0.016666666666666666, 0.016666666666666666, 0.011111111111111112, 0.011111111111111112], [0.07364975450081833, 0.07201309328968904, 0.07201309328968904, 0.07201309328968904, 0.07037643207855974, 0.07037643207855974, 0.07037643207855974, 0.06873977086743044, 0.058919803600654665, 0.058919803600654665, 0.05564648117839607, 0.054009819967266774, 0.05237315875613748, 0.05237315875613748, 0.01800327332242226, 0.01800327332242226, 0.01800327332242226, 0.01800327332242226, 0.01309328968903437, 0.01309328968903437], [0.07338129496402877, 0.07338129496402877, 0.07194244604316546, 0.07194244604316546, 0.07050359712230216, 0.07050359712230216, 0.07050359712230216, 0.07050359712230216, 0.05755395683453238, 0.05755395683453238, 0.053237410071942444, 0.053237410071942444, 0.051798561151079135, 0.050359712230215826, 0.02014388489208633, 0.02014388489208633, 0.02014388489208633, 0.02014388489208633, 0.011510791366906475, 0.011510791366906475], [0.07426376440460948, 0.07426376440460948, 0.07042253521126761, 0.07042253521126761, 0.07042253521126761, 0.07042253521126761, 0.06658130601792574, 0.06658130601792574, 0.06145966709346991, 0.06145966709346991, 0.05377720870678617, 0.052496798975672214, 0.05121638924455826, 0.05121638924455826, 0.02176696542893726, 0.020486555697823303, 0.019206145966709345, 0.01792573623559539, 0.012804097311139564, 0.012804097311139564], [0.0729665071770335, 0.0729665071770335, 0.07177033492822966, 0.07057416267942583, 0.07057416267942583, 0.07057416267942583, 0.06698564593301436, 0.06698564593301436, 0.05741626794258373, 0.05741626794258373, 0.05263157894736842, 0.05263157894736842, 0.05143540669856459, 0.05143540669856459, 0.0215311004784689, 0.02033492822966507, 0.02033492822966507, 0.02033492822966507, 0.01555023923444976, 0.01555023923444976], [0.143646408839779, 0.11049723756906077, 0.0718232044198895, 0.0718232044198895, 0.0707182320441989, 0.06961325966850829, 0.06740331491712707, 0.06740331491712707, 0.05966850828729282, 0.05082872928176796, 0.049723756906077346, 0.04861878453038674, 0.02430939226519337, 0.022099447513812154, 0.022099447513812154, 0.020994475138121547, 0.014364640883977901, 0.014364640883977901], [0.24152106885919836, 0.21274409044193218, 0.07399794450154162, 0.06885919835560124, 0.06783144912641316, 0.06783144912641316, 0.04933196300102775, 0.048304213771839674, 0.047276464542651594, 0.023638232271325797, 0.022610483042137718, 0.022610483042137718, 0.022610483042137718, 0.013360739979445015, 0.013360739979445015, 0.0010277492291880781, 0.0010277492291880781, 0.0010277492291880781, 0.0010277492291880781], [0.37454212454212454, 0.3305860805860806, 0.0695970695970696, 0.0695970695970696, 0.046703296703296704, 0.024725274725274724, 0.022893772893772892, 0.02197802197802198, 0.013736263736263736, 0.013736263736263736, 0.0027472527472527475, 0.0018315018315018315, 0.0018315018315018315, 0.0018315018315018315, 0.0018315018315018315, 0.0018315018315018315], [0.4269199009083402, 0.3790255986787779, 0.06523534269199009, 0.06523534269199009, 0.02559867877786953, 0.023947151114781174, 0.0033030553261767133, 0.0033030553261767133, 0.002477291494632535, 0.002477291494632535, 0.002477291494632535], [0.801704105344694, 0.06661502711076685, 0.06661502711076685, 0.025561580170410533, 0.025561580170410533, 0.0038729666924864447, 0.0038729666924864447, 0.003098373353989156, 0.003098373353989156], [0.801148600143575, 0.06389088298636038, 0.06389088298636038, 0.027279253409906678, 0.02656137832017229, 0.004307250538406317, 0.004307250538406317, 0.004307250538406317, 0.004307250538406317], [0.8013513513513514, 0.06148648648648649, 0.06148648648648649, 0.02702702702702703, 0.02702702702702703, 0.005405405405405406, 0.005405405405405406, 0.005405405405405406, 0.005405405405405406], [0.8007402837754473, 0.05983960518198643, 0.05983960518198643, 0.02961135101789019, 0.02652683528685996, 0.006169031462060457, 0.006169031462060457, 0.005552128315854411, 0.005552128315854411], [0.8318025258323766, 0.05855338691159587, 0.05855338691159587, 0.029276693455797934, 0.007462686567164179, 0.0057405281285878304, 0.0057405281285878304, 0.001148105625717566, 0.001148105625717566, 0.000574052812858783], [0.8706986444212722, 0.05683003128258603, 0.05683003128258603, 0.005735140771637122, 0.005735140771637122, 0.0010427528675703858, 0.0010427528675703858, 0.0010427528675703858, 0.0010427528675703858], [0.876604146100691, 0.05478775913129319, 0.05478775913129319, 0.005429417571569595, 0.005429417571569595, 0.0014807502467917078, 0.0014807502467917078], [0.9853211009174312, 0.005963302752293578, 0.005963302752293578, 0.0013761467889908258, 0.0013761467889908258], [0.9843342036553525, 0.006527415143603133, 0.006527415143603133, 0.0013054830287206266, 0.0013054830287206266], [0.9898083978801467, 0.006930289441500204, 0.0016306563391765185, 0.0016306563391765185], [0.9969477298740939, 0.0015261350629530714, 0.0015261350629530714], [0.9971223021582734, 0.0014388489208633094, 0.0014388489208633094], [1.0], [1.0], [1.0], [0.9997037914691943, 0.0002962085308056872], [0.999716151007664, 0.0002838489923360772], [0.9997243660418964, 0.0002756339581036384], [0.9997297297297297, 0.0002702702702702703], [0.9997364953886693, 0.00026350461133069827], [0.9997397188964081, 0.0002602811035918792], [0.9997438524590164, 0.00025614754098360657], [1.0], [1.0], [1.0], [1.0], [1.0], [1.0], [1.0], [1.0], [1.0], [1.0], [1.0], [1.0], [1.0], [1.0], [1.0]]