[[1.0], [1.0], [1.0], [1.0], [1.0], [1.0], [1.0], [1.0], [1.0], [1.0], [1.0], [1.0], [1.0], [1.0], [1.0], [1.0], [1.0], [1.0], [1.0], [1.0], [1.0], [1.0], [1.0], [1.0], [1.0], [1.0], [0.9577234788919802, 0.014092173702673278, 0.014092173702673278, 0.014092173702673278], [0.9594273650877424, 0.013524211637419185, 0.013524211637419185, 0.013524211637419185], [0.9605759821054103, 0.013141339298196561, 0.013141339298196561, 0.013141339298196561], [0.960426293039201, 0.013191235653599642, 0.013191235653599642, 0.013191235653599642], [0.9589246952746703, 0.01369176824177659, 0.01369176824177659, 0.01369176824177659], [0.9419634618933382, 0.020114412253183243, 0.012640708617826167, 0.012640708617826167, 0.012640708617826167], [0.9393908421913328, 0.020748160261651678, 0.013286999182338511, 0.013286999182338511, 0.013286999182338511], [0.9389777077234857, 0.02116640396307138, 0.013285296104480973, 0.013285296104480973, 0.013285296104480973], [0.9391260419297802, 0.02147006819904016, 0.013134629957059864, 0.013134629957059864, 0.013134629957059864], [0.9341129492298916, 0.02338847689674843, 0.013976041072447234, 0.013976041072447234, 0.013976041072447234, 0.0001426126640045636, 0.0001426126640045636, 0.0001426126640045636, 0.0001426126640045636], [0.9345593108018555, 0.02369118621603711, 0.013916500994035786, 0.013916500994035786, 0.013916500994035786], [0.9304104477611941, 0.024440298507462686, 0.014552238805970149, 0.014552238805970149, 0.014552238805970149, 0.00018656716417910448, 0.00018656716417910448, 0.00018656716417910448, 0.00018656716417910448, 0.00018656716417910448, 0.00018656716417910448, 0.00018656716417910448, 0.00018656716417910448], [0.9196191319751993, 0.0283436669619132, 0.016607617360496013, 0.016607617360496013, 0.016607617360496013, 0.00022143489813994686, 0.00022143489813994686, 0.00022143489813994686, 0.00022143489813994686, 0.00022143489813994686, 0.00022143489813994686, 0.00022143489813994686, 0.00022143489813994686, 0.00022143489813994686, 0.00022143489813994686], [0.8676622039134912, 0.026776519052523172, 0.014933058702368692, 0.014933058702368692, 0.014933058702368692, 0.012873326467559218, 0.00592173017507724, 0.00592173017507724, 0.00592173017507724, 0.004376930998970134, 0.004119464469618949, 0.004119464469618949, 0.004119464469618949, 0.004119464469618949, 0.003089598352214212, 0.003089598352214212, 0.003089598352214212], [0.8658909981628904, 0.02878138395590937, 0.015921616656460504, 0.015921616656460504, 0.015921616656460504, 0.009797917942437232, 0.004898958971218616, 0.004898958971218616, 0.004898958971218616, 0.0027556644213104714, 0.0027556644213104714, 0.0027556644213104714, 0.0027556644213104714, 0.0027556644213104714, 0.0027556644213104714, 0.0021432945499081446, 0.0015309246785058174, 0.0015309246785058174, 0.0015309246785058174, 0.000612369871402327, 0.000612369871402327, 0.000612369871402327, 0.000612369871402327, 0.000612369871402327, 0.000612369871402327, 0.000612369871402327, 0.000612369871402327, 0.000612369871402327, 0.000612369871402327, 0.000612369871402327, 0.000612369871402327, 0.0003061849357011635, 0.0003061849357011635, 0.0003061849357011635, 0.0003061849357011635, 0.0003061849357011635, 0.0003061849357011635, 0.0003061849357011635, 0.0003061849357011635], [0.8988929889298893, 0.03136531365313653, 0.015867158671586716, 0.015867158671586716, 0.015867158671586716, 0.0036900369003690036, 0.002214022140221402, 0.002214022140221402, 0.002214022140221402, 0.0007380073800738007, 0.0007380073800738007, 0.0007380073800738007, 0.0007380073800738007, 0.0007380073800738007, 0.0007380073800738007, 0.00036900369003690036, 0.00036900369003690036, 0.00036900369003690036, 0.00036900369003690036, 0.00036900369003690036, 0.00036900369003690036, 0.00036900369003690036, 0.00036900369003690036, 0.00036900369003690036, 0.00036900369003690036, 0.00036900369003690036, 0.00036900369003690036, 0.00036900369003690036, 0.00036900369003690036, 0.00036900369003690036, 0.00036900369003690036, 0.00036900369003690036, 0.00036900369003690036, 0.00036900369003690036, 0.00036900369003690036], [0.8944256756756757, 0.033361486486486486, 0.01731418918918919, 0.01731418918918919, 0.01731418918918919, 0.004222972972972973, 0.002533783783783784, 0.002533783783783784, 0.002533783783783784, 0.0008445945945945946, 0.0008445945945945946, 0.0008445945945945946, 0.0008445945945945946, 0.0008445945945945946, 0.0008445945945945946, 0.0004222972972972973, 0.0004222972972972973, 0.0004222972972972973, 0.0004222972972972973, 0.0004222972972972973, 0.0004222972972972973, 0.0004222972972972973, 0.0004222972972972973], [0.8816942551119766, 0.03700097370983447, 0.019961051606621226, 0.019961051606621226, 0.019961051606621226, 0.004868549172346641, 0.0029211295034079843, 0.0029211295034079843, 0.0029211295034079843, 0.0009737098344693282, 0.0009737098344693282, 0.0009737098344693282, 0.0009737098344693282, 0.0009737098344693282, 0.0009737098344693282, 0.0004868549172346641, 0.0004868549172346641, 0.0004868549172346641, 0.0004868549172346641], [0.9009840098400984, 0.03936039360393604, 0.019065190651906518, 0.019065190651906518, 0.019065190651906518, 0.0006150061500615006, 0.0006150061500615006, 0.0006150061500615006, 0.0006150061500615006], [0.8939393939393939, 0.04112554112554113, 0.020202020202020204, 0.020202020202020204, 0.020202020202020204, 0.0007215007215007215, 0.0007215007215007215, 0.0007215007215007215, 0.0007215007215007215, 0.0007215007215007215, 0.0007215007215007215], [0.677013422818792, 0.047818791946308725, 0.03691275167785235, 0.03691275167785235, 0.03691275167785235, 0.034395973154362415, 0.034395973154362415, 0.02348993288590604, 0.02348993288590604, 0.02348993288590604, 0.020134228187919462, 0.0008389261744966443, 0.0008389261744966443, 0.0008389261744966443, 0.0008389261744966443, 0.0008389261744966443, 0.0008389261744966443], [0.6837160751565762, 0.04384133611691023, 0.04175365344467641, 0.04175365344467641, 0.04175365344467641, 0.03444676409185804, 0.03444676409185804, 0.025052192066805846, 0.017745302713987474, 0.017745302713987474, 0.017745302713987474], [0.6745635910224439, 0.048628428927680795, 0.04114713216957606, 0.04114713216957606, 0.04114713216957606, 0.03366583541147132, 0.03366583541147132, 0.022443890274314215, 0.02119700748129676, 0.02119700748129676, 0.02119700748129676], [0.6661631419939577, 0.054380664652567974, 0.04380664652567976, 0.04380664652567976, 0.04380664652567976, 0.03172205438066465, 0.03172205438066465, 0.021148036253776436, 0.021148036253776436, 0.021148036253776436, 0.021148036253776436], [0.658102766798419, 0.05928853754940711, 0.043478260869565216, 0.043478260869565216, 0.043478260869565216, 0.029644268774703556, 0.029644268774703556, 0.023715415019762844, 0.023715415019762844, 0.023715415019762844, 0.021739130434782608], [0.6527093596059114, 0.07142857142857142, 0.046798029556650245, 0.046798029556650245, 0.046798029556650245, 0.027093596059113302, 0.027093596059113302, 0.027093596059113302, 0.019704433497536946, 0.017241379310344827, 0.017241379310344827], [0.6546052631578947, 0.0756578947368421, 0.05592105263157895, 0.05592105263157895, 0.05592105263157895, 0.02631578947368421, 0.023026315789473683, 0.023026315789473683, 0.023026315789473683, 0.003289473684210526, 0.003289473684210526], [0.4194915254237288, 0.1059322033898305, 0.1059322033898305, 0.0847457627118644, 0.05508474576271186, 0.05508474576271186, 0.05508474576271186, 0.029661016949152543, 0.029661016949152543, 0.029661016949152543, 0.0211864406779661, 0.00423728813559322, 0.00423728813559322], [0.42788461538461536, 0.09615384615384616, 0.08653846153846154, 0.08653846153846154, 0.057692307692307696, 0.057692307692307696, 0.057692307692307696, 0.03365384615384615, 0.03365384615384615, 0.03365384615384615, 0.019230769230769232, 0.004807692307692308, 0.004807692307692308], [0.4620253164556962, 0.10759493670886076, 0.0759493670886076, 0.0759493670886076, 0.0759493670886076, 0.03164556962025317, 0.03164556962025317, 0.02531645569620253, 0.02531645569620253, 0.02531645569620253, 0.02531645569620253, 0.012658227848101266, 0.012658227848101266, 0.006329113924050633, 0.006329113924050633], [0.5, 0.12222222222222222, 0.05555555555555555, 0.05555555555555555, 0.05555555555555555, 0.044444444444444446, 0.044444444444444446, 0.022222222222222223, 0.022222222222222223, 0.022222222222222223, 0.011111111111111112, 0.011111111111111112, 0.011111111111111112, 0.011111111111111112, 0.011111111111111112], [0.527027027027027, 0.14864864864864866, 0.06756756756756757, 0.06756756756756757, 0.06756756756756757, 0.02702702702702703, 0.02702702702702703, 0.02702702702702703, 0.013513513513513514, 0.013513513513513514, 0.013513513513513514], [0.48214285714285715, 0.14285714285714285, 0.07142857142857142, 0.07142857142857142, 0.07142857142857142, 0.03571428571428571, 0.03571428571428571, 0.03571428571428571, 0.017857142857142856, 0.017857142857142856, 0.017857142857142856], [0.5208333333333334, 0.14583333333333334, 0.08333333333333333, 0.08333333333333333, 0.08333333333333333, 0.020833333333333332, 0.020833333333333332, 0.020833333333333332, 0.020833333333333332], [0.525, 0.175, 0.075, 0.075, 0.075, 0.025, 0.025, 0.025], [0.5625, 0.25, 0.0625, 0.0625, 0.0625], [0.5625, 0.25, 0.0625, 0.0625, 0.0625], [0.5, 0.5], [0.5, 0.5], [0.5, 0.5]]