[[1.0], [1.0], [1.0], [1.0], [1.0], [1.0], [1.0], [1.0], [1.0], [1.0], [1.0], [1.0], [1.0], [0.9995558023320378, 0.0002220988339811216, 0.0002220988339811216], [0.9997483643683945, 0.00012581781580271766, 0.00012581781580271766], [0.9981628038439796, 0.0011305822498586771, 0.0002826455624646693, 0.00014132278123233464, 0.00014132278123233464, 0.00014132278123233464], [0.9990362993896563, 0.0008030838419530999, 0.00016061676839062], [0.9650054965188714, 0.01245877610846464, 0.011176255038475632, 0.011176255038475632, 0.00018321729571271528], [0.9194292908099034, 0.02077213596307176, 0.011330255979857323, 0.01049097775912715, 0.009861519093579522, 0.009861519093579522, 0.00902224087284935, 0.008182962652119178, 0.001049097775912715], [0.920114122681883, 0.019020446980504042, 0.010936757013789824, 0.010699001426533523, 0.009510223490252021, 0.008559201141226819, 0.007845934379457917, 0.006894912030432715, 0.0042796005706134095, 0.0011887779362815027, 0.0009510223490252021], [0.6359612724757953, 0.22074688796680497, 0.025726141078838173, 0.017704011065006915, 0.014937759336099586, 0.014661134163208852, 0.013278008298755186, 0.011065006915629323, 0.009128630705394191, 0.008575380359612726, 0.006915629322268326, 0.006639004149377593, 0.006085753803596127, 0.004426002766251729, 0.0024896265560165973, 0.0008298755186721991, 0.0005532503457814661, 0.00027662517289073305], [0.24343146565368787, 0.23488445710667932, 0.2276036720481165, 0.14783159227603673, 0.022158911047799938, 0.016144349477682812, 0.015827793605571384, 0.014878125989237101, 0.01361190250079139, 0.012978790756568534, 0.010129787907565685, 0.00949667616334283, 0.007913896802785692, 0.006647673314339981, 0.005064893953782843, 0.003798670465337132, 0.0034821145932257044, 0.001899335232668566, 0.0012662234884457107, 0.0006331117442228553, 0.00031655587211142766], [0.2465166130760986, 0.23972847445516257, 0.2361557699178278, 0.1564844587352626, 0.020364415862808145, 0.014648088603072526, 0.013576277241872096, 0.012147195426938193, 0.011789924973204717, 0.010360843158270811, 0.006788138620936048, 0.006788138620936048, 0.006788138620936048, 0.006073597713469096, 0.0035727045373347625, 0.003215434083601286, 0.002500893176134334, 0.0010718113612004287, 0.0007145409074669524, 0.0003572704537334762, 0.0003572704537334762], [0.2512315270935961, 0.2471264367816092, 0.2315270935960591, 0.16995073891625614, 0.015599343185550082, 0.012725779967159278, 0.011083743842364532, 0.009852216748768473, 0.0090311986863711, 0.008620689655172414, 0.006157635467980296, 0.006157635467980296, 0.0049261083743842365, 0.003694581280788177, 0.003694581280788177, 0.0028735632183908046, 0.002052545155993432, 0.0016420361247947454, 0.0008210180623973727, 0.0008210180623973727, 0.00041050903119868636], [0.26173541963015645, 0.2550972024656235, 0.23470839260312945, 0.18018018018018017, 0.012802275960170697, 0.010431484115694643, 0.009009009009009009, 0.008534850640113799, 0.006638217164532954, 0.00474158368895211, 0.004267425320056899, 0.004267425320056899, 0.001896633475580844, 0.001422475106685633, 0.001422475106685633, 0.000948316737790422, 0.000948316737790422, 0.000474158368895211, 0.000474158368895211], [0.27040261153427636, 0.2535364526659412, 0.23939064200217627, 0.18443960826985853, 0.009793253536452665, 0.009249183895538629, 0.007072905331882481, 0.005984766050054407, 0.005984766050054407, 0.003808487486398259, 0.003264417845484222, 0.002720348204570185, 0.002176278563656148, 0.001088139281828074, 0.001088139281828074], [0.2769895126465145, 0.25848241826033314, 0.24244293645897594, 0.19247378161628625, 0.008019740900678593, 0.00431832202344232, 0.003701418877236274, 0.0030845157310302285, 0.0024676125848241827, 0.0024676125848241827, 0.001850709438618137, 0.0012338062924120913, 0.0012338062924120913, 0.0006169031462060457, 0.0006169031462060457], [0.27947295423023577, 0.25450762829403606, 0.2461858529819695, 0.2031900138696255, 0.0048543689320388345, 0.0034674063800277394, 0.0027739251040221915, 0.0020804438280166435, 0.0013869625520110957, 0.0013869625520110957, 0.0006934812760055479], [0.2841357537490134, 0.2580899763220205, 0.24230465666929754, 0.20757695343330704, 0.003946329913180742, 0.0015785319652722968, 0.0015785319652722968, 0.0007892659826361484], [0.2777777777777778, 0.26433691756272404, 0.25627240143369173, 0.19802867383512546, 0.002688172043010753, 0.0008960573476702509], [0.28601472134595163, 0.2576235541535226, 0.24710830704521555, 0.2082018927444795, 0.0010515247108307045], [0.27594627594627597, 0.2564102564102564, 0.25396825396825395, 0.21367521367521367], [0.2759124087591241, 0.25547445255474455, 0.24525547445255474, 0.22335766423357664], [0.26506024096385544, 0.26161790017211706, 0.25645438898450945, 0.21686746987951808], [0.257201646090535, 0.257201646090535, 0.2551440329218107, 0.23045267489711935], [0.25609756097560976, 0.25121951219512195, 0.24878048780487805, 0.24390243902439024], [0.2553846153846154, 0.2523076923076923, 0.24923076923076923, 0.24307692307692308], [0.26217228464419473, 0.26217228464419473, 0.24344569288389514, 0.23220973782771537], [0.26222222222222225, 0.26222222222222225, 0.24444444444444444, 0.2311111111111111], [0.26744186046511625, 0.2616279069767442, 0.25, 0.22093023255813954], [0.3, 0.2818181818181818, 0.20909090909090908, 0.20909090909090908], [0.2876712328767123, 0.2876712328767123, 0.2328767123287671, 0.1917808219178082], [0.3404255319148936, 0.2553191489361702, 0.2553191489361702, 0.14893617021276595]]