[[], [], [0.5, 0.25, 0.25], [0.4, 0.3333333333333333, 0.26666666666666666], [0.375, 0.325, 0.3], [0.352112676056338, 0.3380281690140845, 0.30985915492957744], [0.34408602150537637, 0.3333333333333333, 0.3225806451612903], [0.3380281690140845, 0.3380281690140845, 0.323943661971831], [0.34196891191709844, 0.3316062176165803, 0.32642487046632124], [0.34074074074074073, 0.337037037037037, 0.32222222222222224], [0.3352941176470588, 0.3352941176470588, 0.32941176470588235], [0.3333333333333333, 0.3333333333333333, 0.3333333333333333], [0.341130604288499, 0.33723196881091616, 0.3216374269005848], [0.3409785932721712, 0.3363914373088685, 0.32262996941896027], [0.3450064850843061, 0.3437094682230869, 0.311284046692607], [0.34967320261437906, 0.3474945533769063, 0.2984749455337691, 0.004357298474945534], [0.34957825679475163, 0.34957825679475163, 0.28959700093720714, 0.007497656982193065, 0.0037488284910965324], [0.3575, 0.35083333333333333, 0.27416666666666667, 0.010833333333333334, 0.006666666666666667], [0.3562231759656652, 0.3440629470672389, 0.2732474964234621, 0.017167381974248927, 0.007868383404864092], [0.36552567237163813, 0.3410757946210269, 0.24938875305623473, 0.018948655256723717, 0.01589242053789731, 0.006723716381418093, 0.0024449877750611247], [0.3650107991360691, 0.3299136069114471, 0.2451403887688985, 0.02591792656587473, 0.018898488120950324, 0.009719222462203024, 0.005399568034557235], [0.3704232049453162, 0.32715168806466954, 0.2315739419876367, 0.028530670470756064, 0.021398002853067047, 0.01331431288635283, 0.007132667617689016], [0.3701492537313433, 0.3181236673773987, 0.2255863539445629, 0.032409381663113, 0.021748400852878463, 0.01791044776119403, 0.008955223880597015, 0.004690831556503198], [0.36627687665032066, 0.31271218408147866, 0.2119954734062618, 0.03508110147114297, 0.02980007544322897, 0.022255752546208978, 0.012825348924933987, 0.008298755186721992], [0.3711615487316422, 0.3014018691588785, 0.20327102803738317, 0.03571428571428571, 0.033044058744993325, 0.025367156208277702, 0.018024032042723633, 0.01034712950600801, 0.0010013351134846463], [0.37170263788968827, 0.2943645083932854, 0.1960431654676259, 0.03926858513189448, 0.03477218225419664, 0.027577937649880094, 0.020983213429256596, 0.012589928057553957, 0.0017985611510791368, 0.0008992805755395684], [0.370250606305578, 0.28914039342495285, 0.1880894637563999, 0.04068984101320399, 0.0377256804095931, 0.02910266774454325, 0.023713284828887092, 0.01751549447588251, 0.002155753166262463, 0.0016168148746968471], [0.3716428744253569, 0.2826034357609485, 0.1792886523106702, 0.04089039438664408, 0.03895475441567869, 0.03314783450278248, 0.02734091458988628, 0.020808129687878055, 0.0031454149528187757, 0.0021775949673360755], [0.36879432624113473, 0.27349290780141844, 0.1739804964539007, 0.043661347517730494, 0.04100177304964539, 0.03590425531914894, 0.030363475177304963, 0.02526595744680851, 0.004432624113475178, 0.0031028368794326243], [0.6656006396162303, 0.16570057965220866, 0.043773735758544874, 0.04337397561463122, 0.03757745352788327, 0.034779132520487706, 0.005196881870877474, 0.003997601439136518], [0.6983955291148368, 0.1602668108887687, 0.04741301604470885, 0.04470885163151253, 0.03803857941229494, 0.006670272219217595, 0.0045069406886605375], [0.6963875205254516, 0.1553366174055829, 0.04827586206896552, 0.0451559934318555, 0.041379310344827586, 0.007060755336617406, 0.0064039408866995075], [0.699261714630104, 0.14871176736477323, 0.04821455476872081, 0.0450504746120235, 0.04339309929184873, 0.008588217568178394, 0.006780171764351363], [0.694910514541387, 0.14583333333333334, 0.05005592841163311, 0.04628076062639821, 0.045441834451901565, 0.00936800894854586, 0.008109619686800894], [0.6941373103625611, 0.14142453072769348, 0.052069940858832604, 0.04692723065055284, 0.045641553098482904, 0.010928259192594497, 0.008871175109282592], [0.6908464917487831, 0.13783687522260477, 0.05437492579840912, 0.048676243618663184, 0.04665796034666983, 0.011634809450314615, 0.009972693814555384], [1.0], [1.0], [0.9974681078975558, 0.0010711851202648748, 0.0010711851202648748, 0.00038952186191449994], [0.9955193855157278, 0.0019202633504023408, 0.0019202633504023408, 0.000640087783467447], [0.9941730934018852, 0.002913453299057412, 0.002913453299057412], [0.9912809647979139, 0.004400260756192959, 0.00431877444589309], [1.0], [1.0], [0.9997062711117638, 0.00022029666617711852], [1.0], [1.0], [1.0], [1.0], [1.0], [1.0], [1.0], [1.0], [1.0], [1.0], [1.0]]