[[1.0], [1.0], [1.0], [1.0], [1.0], [1.0], [1.0], [1.0], [1.0], [1.0], [1.0], [1.0], [1.0], [1.0], [1.0], [1.0], [1.0], [1.0], [1.0], [1.0], [1.0], [1.0], [1.0], [1.0], [1.0], [1.0], [1.0], [1.0], [1.0], [1.0], [1.0], [1.0], [1.0], [1.0], [1.0], [1.0], [1.0], [1.0], [1.0], [1.0], [1.0], [1.0], [1.0], [1.0], [1.0], [1.0], [1.0], [1.0], [1.0], [1.0], [1.0], [0.5771812080536913, 0.32997762863534674, 0.08501118568232663, 0.007829977628635347], [0.5838150289017341, 0.330635838150289, 0.07976878612716763, 0.005780346820809248], [0.5894988066825776, 0.32935560859188545, 0.07637231503579953, 0.00477326968973747], [0.5921375921375921, 0.33292383292383293, 0.07125307125307126, 0.0036855036855036856], [0.5949685534591195, 0.3333333333333333, 0.06792452830188679, 0.0037735849056603774], [0.5963777490297542, 0.33764553686934023, 0.062095730918499355, 0.0038809831824062097], [0.6023778071334214, 0.3368560105680317, 0.05812417437252312, 0.002642007926023778], [0.6051560379918589, 0.3378561736770692, 0.054274084124830396, 0.0027137042062415195], [0.6114206128133705, 0.3412256267409471, 0.04596100278551532, 0.001392757660167131], [0.6145092460881935, 0.3413940256045519, 0.041251778093883355, 0.001422475106685633, 0.001422475106685633], [0.6132352941176471, 0.34705882352941175, 0.03823529411764706, 0.0014705882352941176], [0.6082317073170732, 0.3551829268292683, 0.0350609756097561, 0.001524390243902439], [0.6077170418006431, 0.3633440514469453, 0.024115755627009645, 0.00482315112540193], [0.609715242881072, 0.37018425460636517, 0.01507537688442211, 0.0033500837520938024, 0.0016750418760469012], [0.6133567662565905, 0.37961335676625657, 0.007029876977152899], [0.6166365280289331, 0.379746835443038, 0.003616636528028933], [0.6132596685082873, 0.3830570902394107, 0.003683241252302026], [0.6087786259541985, 0.39122137404580154], [0.610337972166998, 0.38966202783300197], [0.6103092783505155, 0.38969072164948454], [0.6081370449678801, 0.39186295503211993], [0.6062639821029083, 0.39373601789709173], [0.6013986013986014, 0.3986013986013986], [0.5985401459854015, 0.40145985401459855], [0.5989847715736041, 0.4010152284263959], [0.6010498687664042, 0.3989501312335958], [0.6058981233243967, 0.3941018766756032], [0.6132596685082873, 0.3867403314917127], [0.6149425287356322, 0.3850574712643678], [0.6201780415430267, 0.3798219584569733], [0.6291793313069909, 0.3708206686930091], [0.639751552795031, 0.36024844720496896], [0.6451612903225806, 0.3548387096774194], [0.6341463414634146, 0.36585365853658536], [0.6096654275092936, 0.3903345724907063], [0.5560344827586207, 0.44396551724137934], [0.5141509433962265, 0.4858490566037736], [0.5659340659340659, 0.32967032967032966, 0.06043956043956044, 0.04395604395604396], [0.6518987341772152, 0.2468354430379747, 0.056962025316455694, 0.04430379746835443], [0.7253521126760564, 0.1056338028169014, 0.07746478873239436, 0.04225352112676056, 0.035211267605633804, 0.014084507042253521], [0.7741935483870968, 0.08870967741935484, 0.06451612903225806, 0.04032258064516129, 0.024193548387096774, 0.008064516129032258], [0.6896551724137931, 0.11494252873563218, 0.09195402298850575, 0.05747126436781609, 0.022988505747126436, 0.022988505747126436], [0.6666666666666666, 0.1, 0.1, 0.08333333333333333, 0.016666666666666666, 0.016666666666666666, 0.016666666666666666], [0.3783783783783784, 0.2972972972972973, 0.10810810810810811, 0.10810810810810811, 0.08108108108108109, 0.02702702702702703], [0.43478260869565216, 0.2608695652173913, 0.13043478260869565, 0.08695652173913043, 0.08695652173913043], [0.5, 0.25, 0.08333333333333333, 0.08333333333333333, 0.08333333333333333], [0.5, 0.25, 0.125, 0.125], [1.0], [1.0]]