{"radii": [0.15, 0.16, 0.17, 0.18, 0.19, 0.2, 0.21, 0.22, 0.23, 0.24, 0.25, 0.26, 0.27, 0.28, 0.29, 0.3, 0.31, 0.32, 0.33, 0.34, 0.35, 0.36, 0.37, 0.38, 0.39, 0.4, 0.41, 0.42, 0.43, 0.44, 0.45, 0.46, 0.47, 0.48, 0.49, 0.5, 0.51, 0.52, 0.53, 0.54, 0.55, 0.56, 0.57, 0.58, 0.59], "structure_url": "https://doi.org/10.1063/1.1728392", "code": 43493, "international": "m-3m", "radii_to_do": [0.32, 0.27, 0.28, 0.25], "omega_stars": [0.4495308056530907, 0.41131968408657815, 0.6042009788602087, 0.7947126890638174], "has_gap": true, "lower": true, "featured": false, "gap_threshold_radii": [0.24, 0.28, 0.21, 0.28], "has_gaps_of_size": [0.09411475127421393, 0.0004279610253330179, 0.2772019174610108, 0.018247297138200835], "_structure(old)": "cF1-Cu", "CN": [0], "image_keys": {"3": [[0, 0], [0, 90], [45, 45], [90, 0]], "5": [[0, 0], [0, 90], [45, 45], [90, 0]], "18": [[0, 0], [0, 90], [45, 45], [90, 0]], "2": [[0, 0], [0, 90], [45, 45], [90, 0]]}, "common_name": "Inverse Opal (FCC)", "colors_to_do": [3, 2, 18, 5], "wyckoff_positions": ["a"], "min_connection_radius": 0.01, "fill_fraction": [0.020008, 0.024262, 0.029125, 0.034575, 0.040658, 0.047406, 0.054875, 0.063083, 0.072077, 0.081897, 0.092584, 0.104119, 0.116605, 0.130043, 0.144491, 0.159946, 0.176481, 0.194116, 0.212904, 0.232828, 0.253997, 0.276385, 0.300071, 0.325059, 0.351408, 0.379134, 0.408295, 0.438897, 0.471, 0.504614, 0.539823, 0.576577, 0.615085, 0.655024, 0.696759, 0.740114, 0.782536, 0.821515, 0.856653, 0.887363, 0.914081, 0.936537, 0.953779, 0.966844, 0.975847], "_id(old)": "5d13c32e6869bf4d60350d9caa74d319", "sg_number": 225, "pointgroup": "m-3m", "num_jobs": 93, "code_source": "ICSD", "has_gaps_above_band": [2, 3, 5, 18], "has_gaps_at": [[], [], [16], []], "IBZ_sphericity": 0.7620797397360529, "site_symmetries": ["m-3m"], "photonics_url": "https://doi.org/10.1103/PhysRevLett.63.1950", "fix_name": false, "connection_radius": 0.47, "clusters": [[], [], [], [], [], [], [], [], [0.16666666666666666, 0.16666666666666666, 0.16666666666666666, 0.125, 0.125], [0.16666666666666666, 0.16666666666666666, 0.1388888888888889, 0.1388888888888889, 0.1111111111111111, 0.1111111111111111, 0.1111111111111111], [0.16, 0.16, 0.16, 0.14, 0.1, 0.1, 0.1, 0.08], [0.15384615384615385, 0.12307692307692308, 0.12307692307692308, 0.12307692307692308, 0.12307692307692308, 0.12307692307692308, 0.12307692307692308, 0.1076923076923077], [0.1518987341772152, 0.1518987341772152, 0.13924050632911392, 0.12658227848101267, 0.11392405063291139, 0.11392405063291139, 0.10126582278481013, 0.10126582278481013], [0.13592233009708737, 0.13592233009708737, 0.13592233009708737, 0.1262135922330097, 0.1262135922330097, 0.1262135922330097, 0.10679611650485436, 0.10679611650485436], [0.145985401459854, 0.13138686131386862, 0.12408759124087591, 0.12408759124087591, 0.12408759124087591, 0.11678832116788321, 0.11678832116788321, 0.11678832116788321], [0.13068181818181818, 0.13068181818181818, 0.13068181818181818, 0.13068181818181818, 0.125, 0.125, 0.11363636363636363, 0.11363636363636363], [0.1330049261083744, 0.1330049261083744, 0.12807881773399016, 0.12315270935960591, 0.12315270935960591, 0.12315270935960591, 0.11822660098522167, 0.11822660098522167], [0.1394422310756972, 0.13545816733067728, 0.12749003984063745, 0.12749003984063745, 0.12350597609561753, 0.12350597609561753, 0.11155378486055777, 0.11155378486055777], [0.13636363636363635, 0.13636363636363635, 0.1266233766233766, 0.12337662337662338, 0.12337662337662338, 0.12012987012987013, 0.11688311688311688, 0.11688311688311688], [0.12876712328767123, 0.12876712328767123, 0.12876712328767123, 0.12876712328767123, 0.1232876712328767, 0.12054794520547946, 0.12054794520547946, 0.12054794520547946], [0.13539192399049882, 0.12826603325415678, 0.12826603325415678, 0.12826603325415678, 0.12826603325415678, 0.12351543942992874, 0.11401425178147269, 0.11401425178147269], [0.1422680412371134, 0.12783505154639174, 0.12577319587628866, 0.12577319587628866, 0.12164948453608247, 0.12164948453608247, 0.11752577319587629, 0.11752577319587629], [0.13357400722021662, 0.12454873646209386, 0.12454873646209386, 0.12454873646209386, 0.12454873646209386, 0.12454873646209386, 0.12274368231046931, 0.12093862815884476], [0.12962962962962962, 0.125, 0.12345679012345678, 0.12191358024691358, 0.12191358024691358, 0.12191358024691358, 0.12037037037037036, 0.12037037037037036, 0.004629629629629629, 0.004629629629629629], [0.12916111850865514, 0.12516644474034622, 0.12516644474034622, 0.12250332889480692, 0.12117177097203728, 0.12117177097203728, 0.11984021304926765, 0.11584553928095873, 0.005326231691078562, 0.005326231691078562, 0.005326231691078562, 0.0039946737683089215], [0.1301775147928994, 0.1301775147928994, 0.12781065088757396, 0.12662721893491125, 0.11597633136094675, 0.11479289940828402, 0.11479289940828402, 0.11005917159763313, 0.008284023668639054, 0.007100591715976331, 0.007100591715976331, 0.007100591715976331], [0.1275239107332625, 0.1275239107332625, 0.1275239107332625, 0.12539851222104145, 0.11477151965993623, 0.1126461211477152, 0.1126461211477152, 0.1073326248671626, 0.01381509032943677, 0.010626992561105207, 0.010626992561105207, 0.009564293304994687], [0.12825278810408922, 0.12546468401486988, 0.12453531598513011, 0.12453531598513011, 0.11245353159851301, 0.10594795539033457, 0.10594795539033457, 0.10594795539033457, 0.017657992565055763, 0.017657992565055763, 0.017657992565055763, 0.013940520446096654], [0.12947189097103917, 0.12862010221465076, 0.12691652470187392, 0.12691652470187392, 0.10732538330494037, 0.10391822827938671, 0.10391822827938671, 0.10391822827938671, 0.01788756388415673, 0.017035775127768313, 0.017035775127768313, 0.017035775127768313], [0.13033536585365854, 0.1288109756097561, 0.12576219512195122, 0.12576219512195122, 0.10442073170731707, 0.10442073170731707, 0.10289634146341463, 0.10213414634146341, 0.021341463414634148, 0.019054878048780487, 0.01753048780487805, 0.01753048780487805], [0.12920962199312716, 0.12920962199312716, 0.12714776632302405, 0.12646048109965635, 0.10171821305841924, 0.10171821305841924, 0.10103092783505155, 0.09759450171821306, 0.02336769759450172, 0.02268041237113402, 0.01993127147766323, 0.01993127147766323], [0.12655086848635236, 0.12468982630272953, 0.12468982630272953, 0.12406947890818859, 0.10049627791563276, 0.09739454094292804, 0.09739454094292804, 0.09553349875930521, 0.02977667493796526, 0.02729528535980149, 0.02729528535980149, 0.02481389578163772], [0.12662521198417184, 0.12662521198417184, 0.1260599208592425, 0.12379875635952516, 0.09553420011305823, 0.09553420011305823, 0.09383832673827021, 0.09327303561334087, 0.03165630299604296, 0.029395138496325607, 0.029395138496325607, 0.02826455624646693], [0.12701717855283706, 0.12701717855283706, 0.12493492972410203, 0.12493492972410203, 0.09370119729307652, 0.09370119729307652, 0.092660072878709, 0.09213951067152525, 0.032274856845393024, 0.032274856845393024, 0.031754294638209266, 0.027589796980739198], [0.12746942615239887, 0.12558795860771402, 0.12558795860771402, 0.12417685794920037, 0.09125117591721543, 0.09078080903104421, 0.08889934148635936, 0.08701787394167451, 0.03621825023518344, 0.034807149576669805, 0.034807149576669805, 0.03339604891815616], [0.12719486081370449, 0.12719486081370449, 0.12505353319057816, 0.12419700214132762, 0.0873661670235546, 0.0873661670235546, 0.08693790149892934, 0.08394004282655246, 0.038115631691648826, 0.038115631691648826, 0.037259100642398284, 0.037259100642398284], [0.12669322709163347, 0.12629482071713147, 0.12470119521912351, 0.12470119521912351, 0.08525896414342629, 0.08525896414342629, 0.08406374501992032, 0.0804780876494024, 0.04183266932270916, 0.041035856573705176, 0.04063745019920319, 0.03904382470119522], [0.12703703703703703, 0.1262962962962963, 0.12407407407407407, 0.12407407407407407, 0.08296296296296296, 0.08296296296296296, 0.08148148148148149, 0.07925925925925927, 0.0437037037037037, 0.043333333333333335, 0.04259259259259259, 0.042222222222222223], [0.1297371116421987, 0.12598156367360874, 0.12564015022191874, 0.12564015022191874, 0.0805735745988392, 0.07852509388869922, 0.07852509388869922, 0.07818368043700921, 0.04643222942983954, 0.04404233526800956, 0.04335950836462957, 0.04335950836462957], [0.12882854436375119, 0.12756551941900854, 0.12661825071045152, 0.12661825071045152, 0.07672876539311652, 0.07641300915693085, 0.07609725292074518, 0.07514998421218819, 0.0473634354278497, 0.046416166719292704, 0.04610041048310704, 0.04610041048310704], [0.1280256634587343, 0.1268591426071741, 0.12656751239428404, 0.12656751239428404, 0.07465733449985419, 0.07465733449985419, 0.0726159230096238, 0.07115777194517352, 0.05045202682997959, 0.049868766404199474, 0.04928550597841937, 0.04928550597841937], [0.12803712803712805, 0.12776412776412777, 0.12776412776412777, 0.12667212667212668, 0.07234507234507234, 0.07234507234507234, 0.07043407043407043, 0.06934206934206934, 0.051597051597051594, 0.05132405132405132, 0.050778050778050775, 0.050505050505050504], [0.12771876580677793, 0.12620131512392513, 0.125948406676783, 0.1244309559939302, 0.06980273141122914, 0.06929691451694486, 0.06929691451694486, 0.06550328780981285, 0.0556398583712696, 0.054628224582701064, 0.05386949924127466, 0.05386949924127466, 0.0007587253414264037], [0.1272426817752597, 0.12653446647780925, 0.12653446647780925, 0.1248819641170916, 0.0679886685552408, 0.06680830972615676, 0.06680830972615676, 0.06232294617563739, 0.056893295561850805, 0.056185080264400375, 0.05571293673276676, 0.05571293673276676, 0.0011803588290840415, 0.0009442870632672333, 0.0009442870632672333, 0.0009442870632672333, 0.000708215297450425, 0.000708215297450425], [0.12928759894459102, 0.1279683377308707, 0.12620932277924363, 0.12554969217238346, 0.12467018469656992, 0.06684256816182937, 0.060246262093227795, 0.05804749340369393, 0.05760773966578716, 0.05650835532102023, 0.05650835532102023, 0.001759014951627089, 0.001759014951627089, 0.0015391380826737027, 0.0013192612137203166, 0.0010993843447669306, 0.0010993843447669306, 0.0008795074758135445, 0.0006596306068601583], [0.7412515438452038, 0.13091807328118568, 0.06175380815150268, 0.05763688760806916, 0.002881844380403458, 0.0020584602717167557, 0.0010292301358583778, 0.0010292301358583778], [0.9988437078435152, 0.0007708614376565812], [0.9956434924668723, 0.0005445634416409512, 0.0005445634416409512, 0.0005445634416409512, 0.0005445634416409512, 0.0005445634416409512, 0.0005445634416409512, 0.0005445634416409512, 0.0005445634416409512], [0.9986543313708999, 0.001345668629100084], [1.0], [1.0], [1.0], [1.0], [1.0], [1.0], [1.0], [1.0], [1.0], [1.0], [1.0], [1.0], [1.0], [1.0], [1.0], [1.0], [1.0], [1.0], [1.0], [1.0], [1.0]], "connection_phi": 0.615085, "connection_radii": [[0.2, 0.25, 0.3, 0.35, 0.4, 0.45, 0.5, 0.55, 0.6, 0.65, 0.7, 0.75, 0.8, 0.85, 0.9, 0.95], [0.46, 0.46, 0.46, 0.46, 0.46, 0.46, 0.46, 0.46, 0.46, 0.46, 0.46, 0.47, 0.47, 0.47, 0.47, 0.47]], "min_connection_phi": 0.000244, "proportion_of_high_eps_in_largest_cluster": [0.0, 0.0, 0.0, 0.0, 0.0, 0.0, 0.0, 0.0, 0.16666666666666666, 0.16666666666666666, 0.16, 0.15384615384615385, 0.1518987341772152, 0.13592233009708737, 0.145985401459854, 0.13068181818181818, 0.1330049261083744, 0.1394422310756972, 0.13636363636363635, 0.12876712328767123, 0.13539192399049882, 0.1422680412371134, 0.13357400722021662, 0.12962962962962962, 0.12916111850865514, 0.1301775147928994, 0.1275239107332625, 0.12825278810408922, 0.12947189097103917, 0.13033536585365854, 0.12920962199312716, 0.12655086848635236, 0.12662521198417184, 0.12701717855283706, 0.12746942615239887, 0.12719486081370449, 0.12669322709163347, 0.12703703703703703, 0.1297371116421987, 0.12882854436375119, 0.1280256634587343, 0.12803712803712805, 0.12771876580677793, 0.1272426817752597, 0.12928759894459102, 0.7412515438452038, 0.9988437078435152, 0.9956434924668723, 0.9986543313708999, 1.0, 1.0, 1.0, 1.0, 1.0, 1.0, 1.0, 1.0, 1.0, 1.0, 1.0, 1.0, 1.0, 1.0, 1.0, 1.0, 1.0, 1.0, 1.0, 1.0, 1.0], "not_tags": ["chiral", "diamond_derivative", "gap_optimized_when_high_eps_connected", "gap_optimized_when_high_eps_not_touching"], "tags": ["gap_optimized_when_high_eps_disconnected", "gap_optimized_when_high_eps_touching"], "void_connection_phi": 0.143049, "kp_labels": ["GAMMA", "X", "U", "K", "GAMMA", "L", "W", "X"], "kpoints": [[0.0, 0.0, 0.0], [0.5, 0.0, 0.5], [0.625, 0.25, 0.625], [0.375, 0.375, 0.75], [0.0, 0.0, 0.0], [0.5, 0.5, 0.5], [0.5, 0.25, 0.75], [0.5, 0.0, 0.5]], "ready": true, "pdos_stored": true}