[[1.0], [1.0], [1.0], [1.0], [1.0], [1.0], [1.0], [1.0], [1.0], [1.0], [1.0], [1.0], [1.0], [1.0], [1.0], [1.0], [1.0], [1.0], [1.0], [1.0], [1.0], [1.0], [1.0], [1.0], [1.0], [1.0], [0.9995336908370249, 0.00046630916297505244], [0.999630450849963, 0.0003695491500369549], [0.999608508417069, 0.00026099438862064463, 0.00013049719431032232], [0.999308054248547, 0.00041516745087185166, 0.0001383891502906172, 0.0001383891502906172], [0.9982360723210348, 0.0008819638394825813, 0.0007349698662354843, 0.00014699397324709687], [0.998755057578587, 0.00046685340802987864, 0.0003112356053532524, 0.0003112356053532524, 0.0001556178026766262], [0.9990069513406157, 0.00033101621979476995, 0.00033101621979476995, 0.00016550810989738498, 0.00016550810989738498], [0.9998242221831605, 0.00017577781683951485], [1.0], [0.9979859013091642, 0.0018126888217522659, 0.0002014098690835851], [0.9883520276100086, 0.00819672131147541, 0.0012942191544434857, 0.0012942191544434857, 0.0004314063848144953, 0.00021570319240724764, 0.00021570319240724764], [0.990559521068386, 0.006677411927239235, 0.001381533502187428, 0.0011512779184895234, 0.00023025558369790466], [0.9933481152993349, 0.006159152500615915, 0.0004927322000492732], [0.9986533800161594, 0.0008079719903043361, 0.0005386479935362241], [0.9960373620152845, 0.003962637984715539], [0.9972602739726028, 0.0027397260273972603], [0.537652088128905, 0.4505097007563302, 0.01052285432423545, 0.0013153567905294311], [0.5453237410071943, 0.4438848920863309, 0.009712230215827337, 0.00035971223021582735, 0.00035971223021582735, 0.00035971223021582735], [0.548904538341158, 0.44209702660406885, 0.008998435054773083], [0.4878361075544174, 0.42296201451131027, 0.07084933845497225, 0.010670081092616303, 0.0076824583866837385], [0.4904517931998137, 0.424312994876572, 0.06939916162086633, 0.009315323707498836, 0.006520726595249185], [0.4954175152749491, 0.42362525458248473, 0.06822810590631365, 0.006619144602851324, 0.006109979633401222], [0.4928256070640177, 0.4304635761589404, 0.06622516556291391, 0.005518763796909493, 0.003863134657836645, 0.0011037527593818985], [0.5024330900243309, 0.4233576642335766, 0.06751824817518248, 0.005474452554744526, 0.0012165450121654502], [0.505003335557038, 0.4209472981987992, 0.06937958639092728, 0.004669779853235491], [0.5144337527757217, 0.41302738712065135, 0.0695780903034789, 0.0029607698001480384], [0.5229508196721312, 0.40409836065573773, 0.07049180327868852, 0.002459016393442623], [0.5291353383458647, 0.4031954887218045, 0.06672932330827068, 0.0009398496240601503], [0.5273684210526316, 0.4010526315789474, 0.07157894736842105], [0.5225653206650831, 0.4014251781472684, 0.07600950118764846], [0.5222672064777328, 0.40215924426450744, 0.07557354925775979], [0.5201863354037267, 0.4083850931677019, 0.07142857142857142], [0.526508226691042, 0.4040219378427788, 0.06946983546617916], [0.5454545454545454, 0.412987012987013, 0.02857142857142857, 0.012987012987012988], [0.53125, 0.3806818181818182, 0.07102272727272728, 0.017045454545454544], [0.4785714285714286, 0.35, 0.075, 0.060714285714285714, 0.02857142857142857, 0.007142857142857143], [0.4794520547945205, 0.3744292237442922, 0.0730593607305936, 0.0547945205479452, 0.0136986301369863, 0.0045662100456621], [0.4835164835164835, 0.41208791208791207, 0.054945054945054944, 0.02197802197802198, 0.01098901098901099, 0.01098901098901099, 0.005494505494505495]]