[[1.0], [1.0], [1.0], [1.0], [1.0], [1.0], [1.0], [1.0], [1.0], [1.0], [1.0], [1.0], [1.0], [1.0], [1.0], [1.0], [1.0], [1.0], [1.0], [1.0], [1.0], [1.0], [1.0], [1.0], [1.0], [1.0], [1.0], [1.0], [1.0], [1.0], [1.0], [0.9994658404999733, 0.000534159500026708], [0.9996154480030764, 0.000384551996923584], [0.9996607869742198, 0.00033921302578018993], [0.9993573640240696, 0.0003505287141438336, 0.000292107261786528], [0.9995178108613103, 0.00018082092700861914, 0.00012054728467241275, 0.00012054728467241275, 6.027364233620638e-05], [0.9998126405196103, 0.00012490632025980515, 6.245316012990258e-05], [0.9992877492877493, 0.00045325045325045327, 0.0001295001295001295, 6.475006475006475e-05, 6.475006475006475e-05], [0.9992592592592593, 0.00040404040404040404, 0.00013468013468013467, 0.00013468013468013467, 6.734006734006734e-05], [0.9991008438234887, 0.0003458292986581823, 0.00020749757919490938, 0.00013833171946327292, 6.916585973163646e-05, 6.916585973163646e-05, 6.916585973163646e-05], [0.9992000581775871, 0.00036360991927859794, 0.00021816595156715876, 0.00014544396771143918, 7.272198385571959e-05], [0.9996215275149497, 0.00022708349103020212, 0.00015138899402013473], [0.9997635747497833, 0.00015761683347781543, 7.880841673890771e-05], [0.9997535934291581, 0.00016427104722792606, 8.213552361396303e-05], [0.9982859101816935, 0.0014569763455605073, 0.00017140898183064793, 8.570449091532397e-05], [0.9983804210905165, 0.001439625697318697, 8.997660608241857e-05, 8.997660608241857e-05], [0.9986778732647087, 0.0005666257436962887, 0.00037775049579752575, 0.00037775049579752575], [0.9954405788482505, 0.0034691247893745662, 0.00039647140449995043, 0.0002973535533749628, 0.00019823570224997521, 9.911785112498761e-05, 9.911785112498761e-05], [0.9959128065395095, 0.0031439949696080486, 0.00031439949696080485, 0.00031439949696080485, 0.00010479983232026829, 0.00010479983232026829, 0.00010479983232026829], [0.9899691358024691, 0.0034171075837742503, 0.0033068783068783067, 0.0023148148148148147, 0.00033068783068783067, 0.00033068783068783067, 0.00033068783068783067], [0.9914948153326343, 0.002679715717115228, 0.002446696959105208, 0.002213678201095188, 0.0002330187580100198, 0.0002330187580100198, 0.0002330187580100198, 0.0002330187580100198, 0.0002330187580100198], [0.9930351906158358, 0.0021994134897360706, 0.0020772238514173997, 0.0019550342130987292, 0.00024437927663734115, 0.00012218963831867058, 0.00012218963831867058, 0.00012218963831867058, 0.00012218963831867058], [0.9954574951330305, 0.0015574302401038286, 0.0014276443867618429, 0.0014276443867618429, 0.00012978585334198572], [0.9957644486951769, 0.0013663068725235689, 0.0013663068725235689, 0.0013663068725235689, 0.00013663068725235688], [0.9965085830666278, 0.0010183299389002036, 0.0008728542333430317, 0.0008728542333430317, 0.0002909514111143439, 0.0002909514111143439, 0.00014547570555717196], [0.9976812490338538, 0.0006183335909723295, 0.0004637501932292472, 0.0004637501932292472, 0.0003091667954861648, 0.0001545833977430824, 0.0001545833977430824, 0.0001545833977430824], [0.9985177865612648, 0.0006587615283267457, 0.00032938076416337287, 0.00032938076416337287, 0.00016469038208168644], [0.9987691225602251, 0.0005275189027606822, 0.0003516792685071215, 0.00017583963425356076, 0.00017583963425356076], [0.9916761256148316, 0.008134695421869087, 0.00018917896329928113], [0.9998006379585327, 0.00019936204146730463], [0.991313789359392, 0.0054288816503800215, 0.003257328990228013], [0.9918433931484503, 0.004893964110929853, 0.002796550920531345, 0.00046609182008855747], [0.9927007299270073, 0.00478228039265039, 0.0025169896803423106], [0.9910955207771182, 0.004317323259579061, 0.002698327037236913, 0.0018888289260658392], [0.9915451895043732, 0.004373177842565598, 0.0023323615160349854, 0.001749271137026239], [0.610180208662662, 0.38254821372115083, 0.0037938665823585203, 0.002213088839709137, 0.001264622194119507], [0.6154639175257732, 0.3797250859106529, 0.002061855670103093, 0.0013745704467353953, 0.0010309278350515464, 0.0003436426116838488], [0.6172230652503794, 0.37936267071320184, 0.0015174506828528073, 0.0015174506828528073, 0.00037936267071320183], [0.6234361968306923, 0.37447873227689743, 0.0008340283569641367, 0.0008340283569641367, 0.0004170141784820684], [0.6256756756756757, 0.18963963963963965, 0.18243243243243243, 0.0009009009009009009, 0.0009009009009009009, 0.00045045045045045046], [0.6325831702544031, 0.18639921722113503, 0.1805283757338552, 0.0004892367906066536], [0.6414168937329701, 0.17983651226158037, 0.1782016348773842, 0.0005449591280653951], [0.6453943407585792, 0.17760385310054183, 0.17639975918121614, 0.0006020469596628537], [0.6455696202531646, 0.17921385742838108, 0.17521652231845436], [0.652014652014652, 0.17509157509157508, 0.1728937728937729], [0.657190635451505, 0.17224080267558528, 0.1705685618729097], [0.663489037178265, 0.16968541468064824, 0.16682554814108674], [0.6637744034707158, 0.16919739696312364, 0.16702819956616052], [0.6700251889168766, 0.16498740554156172, 0.16498740554156172], [0.6727549467275494, 0.1719939117199391, 0.1552511415525114], [0.676818950930626, 0.16412859560067683, 0.15905245346869712], [0.6706349206349206, 0.16666666666666666, 0.1626984126984127], [0.342042755344418, 0.332541567695962, 0.166270783847981, 0.15914489311163896], [0.3520710059171598, 0.33136094674556216, 0.16272189349112426, 0.15384615384615385], [0.3722627737226277, 0.3248175182481752, 0.15693430656934307, 0.145985401459854], [0.34285714285714286, 0.34285714285714286, 0.16666666666666666, 0.14761904761904762], [0.358974358974359, 0.32051282051282054, 0.1794871794871795, 0.14102564102564102], [0.3728813559322034, 0.2796610169491525, 0.19491525423728814, 0.15254237288135594], [0.36904761904761907, 0.32142857142857145, 0.15476190476190477, 0.15476190476190477], [0.36065573770491804, 0.3442622950819672, 0.14754098360655737, 0.14754098360655737], [0.40540540540540543, 0.32432432432432434, 0.1891891891891892, 0.05405405405405406, 0.02702702702702703], [0.4782608695652174, 0.30434782608695654, 0.13043478260869565, 0.08695652173913043]]