[[1.0], [1.0], [1.0], [1.0], [1.0], [1.0], [1.0], [1.0], [1.0], [1.0], [1.0], [1.0], [1.0], [1.0], [1.0], [1.0], [1.0], [1.0], [1.0], [1.0], [1.0], [1.0], [0.6703980099502488, 0.32960199004975127], [0.6666666666666666, 0.3333333333333333], [0.6613240418118467, 0.3386759581881533], [0.6486486486486487, 0.34984984984984985, 0.0007507507507507507, 0.0007507507507507507], [0.6453162530024019, 0.3530824659727782, 0.0008006405124099279, 0.0008006405124099279], [0.6347457627118644, 0.35677966101694913, 0.002542372881355932, 0.002542372881355932, 0.000847457627118644, 0.000847457627118644, 0.000847457627118644, 0.000847457627118644], [0.6280107047279215, 0.36752899197145406, 0.0008920606601248885, 0.0008920606601248885, 0.0008920606601248885, 0.0008920606601248885, 0.0008920606601248885], [0.6147308781869688, 0.37582625118035884, 0.003777148253068933, 0.0018885741265344666, 0.0018885741265344666, 0.0009442870632672333, 0.0009442870632672333], [0.6076076076076076, 0.39039039039039036, 0.001001001001001001, 0.001001001001001001], [0.5233160621761658, 0.39585492227979274, 0.07979274611398963, 0.0010362694300518134], [0.532972972972973, 0.40216216216216216, 0.06378378378378378, 0.001081081081081081], [0.5363128491620112, 0.40782122905027934, 0.055865921787709494], [0.5474794841735052, 0.4091441969519343, 0.04337631887456037], [0.5481120584652862, 0.41291108404384896, 0.0389768574908648], [0.5506329113924051, 0.41645569620253164, 0.03291139240506329], [0.550531914893617, 0.4308510638297872, 0.018617021276595744], [0.5452054794520548, 0.4410958904109589, 0.0136986301369863], [0.5368567454798331, 0.4478442280945758, 0.015299026425591099], [0.5336194563662375, 0.46065808297567956, 0.002861230329041488, 0.002861230329041488], [0.5276967930029155, 0.46938775510204084, 0.0029154518950437317], [0.5165165165165165, 0.48348348348348347], [0.5039123630672926, 0.49608763693270735], [0.5218800648298217, 0.47811993517017826], [0.5316666666666666, 0.4683333333333333], [0.5475352112676056, 0.4524647887323944], [0.556390977443609, 0.44360902255639095], [0.5537525354969574, 0.4462474645030426], [0.5573770491803278, 0.4426229508196721], [0.5604113110539846, 0.43958868894601544], [0.5561959654178674, 0.4409221902017291, 0.002881844380403458], [0.5625, 0.4243421052631579, 0.013157894736842105], [0.5597014925373134, 0.43283582089552236, 0.007462686567164179], [0.5789473684210527, 0.41228070175438597, 0.008771929824561403], [0.5959595959595959, 0.40404040404040403], [0.6235955056179775, 0.37640449438202245], [0.6756756756756757, 0.16891891891891891, 0.11486486486486487, 0.04054054054054054], [0.7666666666666667, 0.11666666666666667, 0.041666666666666664, 0.03333333333333333, 0.03333333333333333, 0.008333333333333333], [0.8255813953488372, 0.08139534883720931, 0.03488372093023256, 0.011627906976744186, 0.011627906976744186, 0.011627906976744186, 0.011627906976744186, 0.011627906976744186], [0.8591549295774648, 0.056338028169014086, 0.04225352112676056, 0.014084507042253521, 0.014084507042253521, 0.014084507042253521], [0.7045454545454546, 0.09090909090909091, 0.06818181818181818, 0.045454545454545456, 0.022727272727272728, 0.022727272727272728, 0.022727272727272728, 0.022727272727272728], [0.39285714285714285, 0.39285714285714285, 0.10714285714285714, 0.07142857142857142, 0.03571428571428571], [0.5263157894736842, 0.15789473684210525, 0.15789473684210525, 0.10526315789473684, 0.05263157894736842], [0.5, 0.25, 0.25], [], [], [], [], []]