[[1.0], [1.0], [1.0], [1.0], [1.0], [1.0], [1.0], [1.0], [1.0], [1.0], [1.0], [1.0], [1.0], [1.0], [1.0], [1.0], [1.0], [1.0], [1.0], [1.0], [1.0], [1.0], [1.0], [1.0], [1.0], [1.0], [1.0], [1.0], [1.0], [1.0], [1.0], [1.0], [1.0], [1.0], [1.0], [1.0], [1.0], [1.0], [1.0], [1.0], [1.0], [0.9990281827016521, 0.0009718172983479105], [0.9945593035908596, 0.002176278563656148, 0.002176278563656148, 0.001088139281828074], [0.9975961538461539, 0.001201923076923077, 0.001201923076923077], [1.0], [1.0], [1.0], [0.947265625, 0.0234375, 0.015625, 0.009765625, 0.001953125, 0.001953125], [0.9585152838427947, 0.017467248908296942, 0.015283842794759825, 0.006550218340611353, 0.002183406113537118], [0.9656019656019657, 0.019656019656019656, 0.012285012285012284, 0.002457002457002457], [0.49584487534626037, 0.2659279778393352, 0.20221606648199447, 0.01662049861495845, 0.0110803324099723, 0.00554016620498615, 0.002770083102493075], [0.5165165165165165, 0.26126126126126126, 0.2012012012012012, 0.012012012012012012, 0.006006006006006006, 0.003003003003003003], [0.5167785234899329, 0.25838926174496646, 0.20469798657718122, 0.013422818791946308, 0.003355704697986577, 0.003355704697986577], [0.5296442687747036, 0.23715415019762845, 0.22134387351778656, 0.007905138339920948, 0.003952569169960474], [0.5178571428571429, 0.24107142857142858, 0.22321428571428573, 0.008928571428571428, 0.008928571428571428], [0.5230769230769231, 0.2358974358974359, 0.22564102564102564, 0.010256410256410256, 0.005128205128205128], [0.5272727272727272, 0.23030303030303031, 0.22424242424242424, 0.012121212121212121, 0.006060606060606061], [0.31333333333333335, 0.23333333333333334, 0.22666666666666666, 0.21333333333333335, 0.006666666666666667, 0.006666666666666667], [0.33064516129032256, 0.23387096774193547, 0.22580645161290322, 0.1935483870967742, 0.008064516129032258, 0.008064516129032258], [0.32608695652173914, 0.25, 0.21739130434782608, 0.20652173913043478], [0.3108108108108108, 0.25675675675675674, 0.22972972972972974, 0.20270270270270271], [0.3076923076923077, 0.27692307692307694, 0.2153846153846154, 0.2], [0.3090909090909091, 0.2909090909090909, 0.21818181818181817, 0.18181818181818182], [0.325, 0.275, 0.225, 0.175], [0.3333333333333333, 0.2727272727272727, 0.21212121212121213, 0.18181818181818182], [0.34615384615384615, 0.3076923076923077, 0.19230769230769232, 0.15384615384615385], [0.34782608695652173, 0.30434782608695654, 0.17391304347826086, 0.17391304347826086], [0.375, 0.3125, 0.1875, 0.125], [0.3333333333333333, 0.25, 0.25, 0.16666666666666666], [0.5, 0.5], [1.0], [1.0]]