[[1.0], [1.0], [1.0], [1.0], [1.0], [1.0], [1.0], [1.0], [1.0], [1.0], [1.0], [1.0], [1.0], [1.0], [1.0], [1.0], [1.0], [1.0], [1.0], [1.0], [1.0], [1.0], [1.0], [1.0], [1.0], [1.0], [1.0], [1.0], [0.9985940246045695, 0.00140597539543058], [0.9988575780654989, 0.0011424219345011425], [0.9992217898832685, 0.0007782101167315176], [0.9992107340173638, 0.0007892659826361484], [0.9991843393148451, 0.0008156606851549756], [0.9987347110923661, 0.00042176296921130323, 0.00042176296921130323, 0.00042176296921130323], [0.9986295111923252, 0.00045682960255824577, 0.00045682960255824577, 0.00045682960255824577], [1.0], [1.0], [1.0], [0.9535962877030162, 0.04408352668213457, 0.0007733952049497294, 0.0007733952049497294, 0.0007733952049497294], [0.9543147208121827, 0.04568527918781726], [0.9008746355685131, 0.04956268221574344, 0.034013605442176874, 0.0058309037900874635, 0.003887269193391642, 0.0009718172983479105, 0.0009718172983479105, 0.0009718172983479105, 0.0009718172983479105, 0.0009718172983479105, 0.0009718172983479105], [0.8596491228070176, 0.05056759545923633, 0.04437564499484004, 0.02889576883384933, 0.0030959752321981426, 0.0030959752321981426, 0.0020639834881320948, 0.0020639834881320948, 0.0010319917440660474, 0.0010319917440660474, 0.0010319917440660474, 0.0010319917440660474, 0.0010319917440660474, 0.0010319917440660474], [0.8762886597938144, 0.04768041237113402, 0.04639175257731959, 0.024484536082474227, 0.001288659793814433, 0.001288659793814433, 0.001288659793814433, 0.001288659793814433], [0.7739938080495357, 0.05417956656346749, 0.05263157894736842, 0.043343653250773995, 0.02476780185758514, 0.01238390092879257, 0.007739938080495356, 0.006191950464396285, 0.006191950464396285, 0.0015479876160990713, 0.0015479876160990713, 0.0015479876160990713, 0.0015479876160990713, 0.0015479876160990713, 0.0015479876160990713, 0.0015479876160990713, 0.0015479876160990713, 0.0015479876160990713, 0.0015479876160990713, 0.0015479876160990713, 0.0015479876160990713], [0.7796327212020033, 0.05843071786310518, 0.05175292153589316, 0.04006677796327212, 0.021702838063439065, 0.00667779632721202, 0.00667779632721202, 0.005008347245409015, 0.005008347245409015, 0.005008347245409015, 0.001669449081803005, 0.001669449081803005, 0.001669449081803005, 0.001669449081803005, 0.001669449081803005, 0.001669449081803005, 0.001669449081803005, 0.001669449081803005, 0.001669449081803005, 0.001669449081803005, 0.001669449081803005, 0.001669449081803005], [0.8165322580645161, 0.056451612903225805, 0.05241935483870968, 0.03024193548387097, 0.02217741935483871, 0.008064516129032258, 0.008064516129032258, 0.0020161290322580645, 0.0020161290322580645, 0.0020161290322580645], [0.8382687927107062, 0.05922551252847381, 0.04555808656036447, 0.03189066059225513, 0.018223234624145785, 0.004555808656036446, 0.002277904328018223], [0.8438287153652393, 0.055415617128463476, 0.04534005037783375, 0.03526448362720403, 0.015113350125944584, 0.0025188916876574307, 0.0025188916876574307], [0.8449612403100775, 0.05167958656330749, 0.046511627906976744, 0.03617571059431524, 0.015503875968992248, 0.002583979328165375, 0.002583979328165375], [0.8379888268156425, 0.05307262569832402, 0.04748603351955307, 0.03910614525139665, 0.01675977653631285, 0.002793296089385475, 0.002793296089385475], [0.8647686832740213, 0.046263345195729534, 0.03202846975088968, 0.03202846975088968, 0.017793594306049824, 0.0035587188612099642, 0.0035587188612099642], [0.8654708520179372, 0.05829596412556054, 0.03587443946188341, 0.026905829596412557, 0.013452914798206279], [0.8743455497382199, 0.06806282722513089, 0.03664921465968586, 0.015706806282722512, 0.005235602094240838], [0.8741258741258742, 0.06993006993006994, 0.04195804195804196, 0.013986013986013986], [0.890625, 0.0625, 0.046875], [0.33043478260869563, 0.1391304347826087, 0.11304347826086956, 0.11304347826086956, 0.11304347826086956, 0.06956521739130435, 0.06956521739130435, 0.05217391304347826], [0.297029702970297, 0.12871287128712872, 0.12871287128712872, 0.12871287128712872, 0.12871287128712872, 0.07920792079207921, 0.06930693069306931, 0.039603960396039604], [0.2777777777777778, 0.14444444444444443, 0.14444444444444443, 0.14444444444444443, 0.1111111111111111, 0.07777777777777778, 0.07777777777777778, 0.022222222222222223], [0.47368421052631576, 0.18421052631578946, 0.13157894736842105, 0.07894736842105263, 0.05263157894736842, 0.02631578947368421, 0.02631578947368421, 0.02631578947368421], [0.47368421052631576, 0.15789473684210525, 0.13157894736842105, 0.07894736842105263, 0.05263157894736842, 0.05263157894736842, 0.02631578947368421, 0.02631578947368421], [0.4838709677419355, 0.1935483870967742, 0.0967741935483871, 0.06451612903225806, 0.06451612903225806, 0.03225806451612903, 0.03225806451612903, 0.03225806451612903], [0.4, 0.2, 0.12, 0.08, 0.08, 0.04, 0.04, 0.04], [0.4090909090909091, 0.22727272727272727, 0.13636363636363635, 0.045454545454545456, 0.045454545454545456, 0.045454545454545456, 0.045454545454545456, 0.045454545454545456], [0.4, 0.2, 0.13333333333333333, 0.06666666666666667, 0.06666666666666667, 0.06666666666666667, 0.06666666666666667], [0.375, 0.25, 0.25, 0.125], [0.3333333333333333, 0.3333333333333333, 0.16666666666666666, 0.16666666666666666], [0.5, 0.25, 0.25], [1.0], [1.0], []]