[[1.0], [1.0], [1.0], [1.0], [1.0], [1.0], [1.0], [1.0], [1.0], [1.0], [1.0], [1.0], [1.0], [1.0], [1.0], [1.0], [1.0], [1.0], [1.0], [1.0], [1.0], [1.0], [1.0], [1.0], [1.0], [1.0], [1.0], [1.0], [1.0], [1.0], [1.0], [1.0], [1.0], [1.0], [1.0], [1.0], [1.0], [1.0], [1.0], [1.0], [1.0], [1.0], [1.0], [1.0], [1.0], [1.0], [1.0], [1.0], [1.0], [1.0], [1.0], [1.0], [1.0], [1.0], [1.0], [1.0], [1.0], [1.0], [1.0], [1.0], [1.0], [1.0], [1.0], [1.0], [1.0], [1.0], [1.0], [1.0], [1.0], [1.0], [1.0], [0.9901315789473685, 0.005263157894736842, 0.004605263157894736], [0.992296918767507, 0.004201680672268907, 0.0035014005602240898], [0.9790419161676647, 0.006736526946107785, 0.006736526946107785, 0.004491017964071856, 0.0029940119760479044], [0.9837662337662337, 0.003246753246753247, 0.003246753246753247, 0.002435064935064935, 0.002435064935064935, 0.002435064935064935, 0.002435064935064935], [0.9891696750902527, 0.0018050541516245488, 0.0018050541516245488, 0.0018050541516245488, 0.0018050541516245488, 0.0018050541516245488, 0.0018050541516245488], [0.987487969201155, 0.0019249278152069298, 0.0019249278152069298, 0.0019249278152069298, 0.0019249278152069298, 0.0019249278152069298, 0.0019249278152069298, 0.0009624639076034649], [0.8403451995685005, 0.14563106796116504, 0.002157497303128371, 0.002157497303128371, 0.002157497303128371, 0.002157497303128371, 0.002157497303128371, 0.002157497303128371, 0.0010787486515641855], [0.8486612339930152, 0.14318975552968569, 0.002328288707799767, 0.0011641443538998836, 0.0011641443538998836, 0.0011641443538998836, 0.0011641443538998836, 0.0011641443538998836], [0.853566958698373, 0.1439299123904881, 0.0012515644555694619, 0.0012515644555694619], [0.8538565629228687, 0.14479025710419485, 0.0013531799729364006], [0.8502340093603744, 0.1482059282371295, 0.0015600624024961], [0.8522920203735145, 0.14770797962648557], [0.7155963302752294, 0.15229357798165138, 0.13211009174311927], [0.7281947261663286, 0.1359026369168357, 0.12170385395537525, 0.014198782961460446], [0.7716346153846154, 0.12259615384615384, 0.09375, 0.01201923076923077], [0.37987012987012986, 0.37987012987012986, 0.1396103896103896, 0.048701298701298704, 0.00974025974025974, 0.00974025974025974, 0.00974025974025974, 0.00974025974025974, 0.003246753246753247, 0.003246753246753247, 0.003246753246753247, 0.003246753246753247], [0.4127659574468085, 0.4127659574468085, 0.11063829787234042, 0.04680851063829787, 0.00425531914893617, 0.00425531914893617, 0.00425531914893617, 0.00425531914893617], [0.4153846153846154, 0.4153846153846154, 0.09230769230769231, 0.05641025641025641, 0.005128205128205128, 0.005128205128205128, 0.005128205128205128, 0.005128205128205128], [0.41714285714285715, 0.41714285714285715, 0.08, 0.06285714285714286, 0.005714285714285714, 0.005714285714285714, 0.005714285714285714, 0.005714285714285714], [0.42105263157894735, 0.42105263157894735, 0.08270676691729323, 0.07518796992481203], [0.4297520661157025, 0.4297520661157025, 0.09090909090909091, 0.049586776859504134], [0.4424778761061947, 0.4424778761061947, 0.09734513274336283, 0.017699115044247787], [0.4329896907216495, 0.4329896907216495, 0.1134020618556701, 0.020618556701030927], [0.45454545454545453, 0.45454545454545453, 0.06818181818181818, 0.022727272727272728], [0.4788732394366197, 0.4788732394366197, 0.028169014084507043, 0.014084507042253521], [0.45652173913043476, 0.45652173913043476, 0.021739130434782608, 0.021739130434782608, 0.021739130434782608, 0.021739130434782608], [0.46875, 0.46875, 0.03125, 0.03125], [0.45454545454545453, 0.45454545454545453, 0.045454545454545456, 0.045454545454545456], [0.4444444444444444, 0.4444444444444444, 0.05555555555555555, 0.05555555555555555], [0.5, 0.5], [0.5, 0.5], [0.5, 0.5], [0.5, 0.5], [0.5, 0.5], [0.5, 0.5], [], [], [], []]