[[], [], [], [], [], [], [], [], [], [], [], [], [], [], [], [], [0.26666666666666666, 0.26666666666666666, 0.26666666666666666], [0.16666666666666666, 0.16666666666666666, 0.16666666666666666, 0.16666666666666666, 0.16666666666666666, 0.16666666666666666], [0.16666666666666666, 0.16666666666666666, 0.16666666666666666, 0.16666666666666666, 0.16666666666666666, 0.16666666666666666], [0.25925925925925924, 0.14814814814814814, 0.14814814814814814, 0.14814814814814814, 0.14814814814814814, 0.14814814814814814], [0.2857142857142857, 0.14285714285714285, 0.14285714285714285, 0.14285714285714285, 0.14285714285714285, 0.14285714285714285], [0.18604651162790697, 0.18604651162790697, 0.18604651162790697, 0.18604651162790697, 0.16279069767441862, 0.09302325581395349], [0.20408163265306123, 0.16326530612244897, 0.16326530612244897, 0.16326530612244897, 0.16326530612244897, 0.14285714285714285], [0.19230769230769232, 0.19230769230769232, 0.15384615384615385, 0.15384615384615385, 0.15384615384615385, 0.15384615384615385], [0.18181818181818182, 0.18181818181818182, 0.16363636363636364, 0.16363636363636364, 0.16363636363636364, 0.14545454545454545], [0.1875, 0.1875, 0.1875, 0.15625, 0.15625, 0.125], [0.2125, 0.2, 0.15, 0.15, 0.15, 0.1375], [0.2125, 0.2, 0.15, 0.15, 0.15, 0.1375], [0.18518518518518517, 0.16666666666666666, 0.16666666666666666, 0.16666666666666666, 0.1574074074074074, 0.1574074074074074], [0.17094017094017094, 0.17094017094017094, 0.17094017094017094, 0.17094017094017094, 0.17094017094017094, 0.1452991452991453], [0.17424242424242425, 0.17424242424242425, 0.16666666666666666, 0.16666666666666666, 0.16666666666666666, 0.15151515151515152], [0.20567375886524822, 0.16312056737588654, 0.16312056737588654, 0.15602836879432624, 0.15602836879432624, 0.15602836879432624], [0.19393939393939394, 0.1696969696969697, 0.1696969696969697, 0.1696969696969697, 0.15757575757575756, 0.1393939393939394], [0.1871345029239766, 0.1695906432748538, 0.16374269005847952, 0.16374269005847952, 0.16374269005847952, 0.15204678362573099], [0.17647058823529413, 0.17647058823529413, 0.17647058823529413, 0.1711229946524064, 0.15508021390374332, 0.1443850267379679], [0.17699115044247787, 0.17699115044247787, 0.17699115044247787, 0.168141592920354, 0.15486725663716813, 0.11946902654867257], [0.17154811715481172, 0.17154811715481172, 0.17154811715481172, 0.1589958158995816, 0.1506276150627615, 0.13807531380753138, 0.012552301255230125, 0.012552301255230125, 0.012552301255230125], [0.1732283464566929, 0.16929133858267717, 0.16929133858267717, 0.16929133858267717, 0.14173228346456693, 0.14173228346456693, 0.011811023622047244, 0.011811023622047244, 0.011811023622047244], [0.18115942028985507, 0.16666666666666666, 0.16304347826086957, 0.16304347826086957, 0.16304347826086957, 0.13043478260869565, 0.010869565217391304, 0.010869565217391304, 0.010869565217391304], [0.17666666666666667, 0.17333333333333334, 0.16333333333333333, 0.16333333333333333, 0.16333333333333333, 0.13, 0.01, 0.01, 0.01], [0.16825396825396827, 0.16507936507936508, 0.16507936507936508, 0.16507936507936508, 0.16507936507936508, 0.14285714285714285, 0.009523809523809525, 0.009523809523809525, 0.009523809523809525], [0.5071633237822349, 0.166189111747851, 0.16332378223495703, 0.12893982808022922, 0.011461318051575931, 0.011461318051575931, 0.011461318051575931], [0.5027472527472527, 0.16758241758241757, 0.16483516483516483, 0.13186813186813187, 0.01098901098901099, 0.01098901098901099, 0.01098901098901099], [0.6599496221662469, 0.17380352644836272, 0.12090680100755667, 0.015113350125944584, 0.015113350125944584, 0.015113350125944584], [0.6581395348837209, 0.16744186046511628, 0.11162790697674418, 0.01627906976744186, 0.01627906976744186, 0.01627906976744186], [0.6431623931623932, 0.17094017094017094, 0.10256410256410256, 0.019230769230769232, 0.019230769230769232, 0.019230769230769232, 0.008547008547008548, 0.008547008547008548, 0.008547008547008548], [0.6480769230769231, 0.16153846153846155, 0.10384615384615385, 0.01730769230769231, 0.01730769230769231, 0.01730769230769231, 0.011538461538461539, 0.011538461538461539, 0.011538461538461539], [0.6403669724770642, 0.1669724770642202, 0.09908256880733946, 0.02018348623853211, 0.02018348623853211, 0.02018348623853211, 0.011009174311926606, 0.011009174311926606, 0.011009174311926606], [0.6220338983050847, 0.1694915254237288, 0.1016949152542373, 0.022033898305084745, 0.022033898305084745, 0.022033898305084745, 0.013559322033898305, 0.013559322033898305, 0.013559322033898305], [0.6215334420880914, 0.1729200652528548, 0.09787928221859707, 0.021207177814029365, 0.021207177814029365, 0.021207177814029365, 0.01468189233278956, 0.01468189233278956, 0.01468189233278956], [0.820627802690583, 0.08968609865470852, 0.02242152466367713, 0.02242152466367713, 0.014947683109118086, 0.014947683109118086, 0.014947683109118086], [0.865546218487395, 0.09243697478991597, 0.014005602240896359, 0.014005602240896359, 0.014005602240896359], [0.9558823529411765, 0.014705882352941176, 0.014705882352941176, 0.014705882352941176], [1.0], [1.0], [1.0], [1.0], [1.0], [1.0], [1.0], [1.0], [1.0], [1.0], [1.0], [1.0], [1.0], [1.0], [1.0], [1.0], [1.0]]