[[], [], [], [], [0.5, 0.5], [0.32, 0.32, 0.2, 0.16], [0.20754716981132076, 0.18867924528301888, 0.1509433962264151, 0.1509433962264151, 0.1509433962264151, 0.1509433962264151], [0.17777777777777778, 0.17777777777777778, 0.17777777777777778, 0.16666666666666666, 0.15555555555555556, 0.14444444444444443], [0.17857142857142858, 0.17142857142857143, 0.17142857142857143, 0.16428571428571428, 0.15714285714285714, 0.15714285714285714], [0.17647058823529413, 0.17647058823529413, 0.1711229946524064, 0.16042780748663102, 0.16042780748663102, 0.15508021390374332], [0.1702127659574468, 0.1702127659574468, 0.1702127659574468, 0.1702127659574468, 0.16170212765957448, 0.1574468085106383], [0.17753623188405798, 0.17391304347826086, 0.16666666666666666, 0.16304347826086957, 0.15942028985507245, 0.15942028985507245], [0.1751412429378531, 0.1694915254237288, 0.1694915254237288, 0.1694915254237288, 0.1638418079096045, 0.15254237288135594], [0.17551963048498845, 0.17321016166281755, 0.16859122401847576, 0.16628175519630484, 0.16397228637413394, 0.15242494226327943], [0.35856573705179284, 0.17729083665338646, 0.16334661354581673, 0.1553784860557769, 0.14342629482071714], [0.35555555555555557, 0.3435897435897436, 0.2923076923076923, 0.005128205128205128], [0.3518005540166205, 0.3462603878116344, 0.28254847645429365, 0.008310249307479225, 0.00554016620498615], [0.3465783664459161, 0.3432671081677704, 0.2693156732891832, 0.011037527593818985, 0.009933774834437087, 0.006622516556291391, 0.006622516556291391, 0.0033112582781456954, 0.0033112582781456954], [0.3535645472061657, 0.33429672447013487, 0.2678227360308285, 0.011560693641618497, 0.010597302504816955, 0.007707129094412331, 0.00674373795761079, 0.0038535645472061657, 0.0038535645472061657], [0.35254803675856305, 0.3258145363408521, 0.2656641604010025, 0.011695906432748537, 0.010025062656641603, 0.009189640768588136, 0.00835421888053467, 0.005012531328320802, 0.005012531328320802, 0.003341687552213868, 0.003341687552213868], [0.35111751982696465, 0.3165104542177361, 0.250901225666907, 0.017303532804614274, 0.01514059120403749, 0.012256669069935111, 0.011535688536409516, 0.007209805335255948, 0.007209805335255948, 0.005767844268204758, 0.005046863734679163], [0.3597715736040609, 0.30076142131979694, 0.2436548223350254, 0.03616751269035533, 0.022208121827411168, 0.014593908629441625, 0.012690355329949238, 0.005076142131979695, 0.005076142131979695], [0.3586521987435751, 0.2946887492861222, 0.2364363221016562, 0.0422615648201028, 0.029697315819531698, 0.022844089091947458, 0.00799543118218161, 0.0074243289548829245], [0.36169128884360674, 0.2801833927661742, 0.22567498726439122, 0.04533876719307183, 0.038206826286296486, 0.02750891492613347, 0.021395822720326033], [0.3602975360297536, 0.26638772663877264, 0.21896792189679218, 0.050674105067410505, 0.043235704323570434, 0.03300790330079033, 0.027429102742910275], [0.3593947036569987, 0.25809163514081546, 0.208911307271963, 0.057587221521647754, 0.0474989491382934, 0.039932744850777635, 0.028583438419503993], [0.36072370900866946, 0.2472672446287222, 0.19939690915944214, 0.06219374293252921, 0.05013192612137203, 0.04523181304183943, 0.03505465510742556], [0.35789832821562606, 0.24326168543159332, 0.1900375298532924, 0.062436028659160696, 0.0566359604230638, 0.048106448311156604, 0.04162401910610713], [0.35718789407314, 0.23865069356872637, 0.18442622950819673, 0.06620428751576292, 0.0605296343001261, 0.05044136191677175, 0.042559899117276166], [0.3587174348697395, 0.2321786430002863, 0.17835671342685372, 0.06928141998282279, 0.06069281419982823, 0.05410821643286573, 0.04666475808760378], [0.36080350244656195, 0.22173577131084213, 0.1730620654133402, 0.07133659541591553, 0.06464074169456606, 0.05871748647952614, 0.049703837239248004], [0.3585762064022934, 0.2188246536072623, 0.16841853798375536, 0.07286192068800765, 0.06688963210702341, 0.060917343526039176, 0.05351170568561873], [0.3623059866962306, 0.21019955654101996, 0.1647450110864745, 0.07427937915742794, 0.06895787139689578, 0.06341463414634146, 0.05609756097560976], [0.3605344295991778, 0.205344295991778, 0.15765673175745118, 0.07543679342240493, 0.07153134635149024, 0.06742034943473793, 0.06125385405960945], [0.36209200229051347, 0.19812941401030731, 0.15384615384615385, 0.0794044665012407, 0.07272380225233824, 0.0692880320671884, 0.06317999618247758, 0.0007635044855888528, 0.0005726283641916397], [0.36051653989032373, 0.1924641783124005, 0.1500088448611357, 0.07924995577569433, 0.07553511409870865, 0.07447373076242703, 0.06615956129488768, 0.0008844861135680169, 0.0007075888908544136], [0.3607921451156598, 0.18871692461308037, 0.14594774504909303, 0.0817107671825595, 0.07621900482609419, 0.07588617074388418, 0.06873023797636878, 0.00199700449326011], [0.3608167082294264, 0.18391521197007482, 0.14198877805486285, 0.08276184538653367, 0.07824189526184538, 0.07761845386533665, 0.07185162094763092, 0.002805486284289277], [0.35923456074224414, 0.18280661061177153, 0.1375761090171064, 0.08364743403885185, 0.07973325601623658, 0.07944331690345027, 0.07320962597854451, 0.003334299797042621, 0.0004349086691794723], [0.35937711577522, 0.18063642518618822, 0.13486797562626945, 0.08408937034529451, 0.08002708192281652, 0.07948544346648612, 0.07488151658767772, 0.003385240352064997, 0.002708192281651997], [0.35913978494623655, 0.17735610373181532, 0.1338393421884883, 0.08437697659709045, 0.08007590132827325, 0.07944339025932953, 0.07640733712839974, 0.004048070841239722, 0.004048070841239722, 0.001265022137887413], [0.35798219584569735, 0.1742433234421365, 0.13044510385756677, 0.08439169139465875, 0.0829673590504451, 0.08166172106824926, 0.07750741839762611, 0.004629080118694362, 0.004510385756676558, 0.001543026706231454], [0.9913648087921947, 0.005495121677694292, 0.002130761466861052, 0.00056072670180554], [0.9966244725738397, 0.002109704641350211, 0.0006329113924050633, 0.0006329113924050633], [0.9956508846495997, 0.002569931797963823, 0.0006919047148364139, 0.0005930611841454977, 0.00029653059207274883], [0.9945703051862947, 0.002995693690320165, 0.0008425388504025463, 0.0008425388504025463, 0.0003744617112900206, 0.0003744617112900206], [0.9944854576180735, 0.004447211598327849, 0.0005336653917993418, 0.0005336653917993418], [0.9990758632277577, 0.0005040746030412502, 0.00042006216920104176], [1.0], [1.0], [1.0], [0.999928754630949], [1.0], [1.0], [1.0], [1.0], [1.0], [1.0], [1.0], [1.0], [1.0], [1.0], [1.0], [1.0], [1.0]]