[[1.0], [1.0], [1.0], [1.0], [1.0], [1.0], [1.0], [1.0], [1.0], [1.0], [1.0], [1.0], [1.0], [1.0], [1.0], [1.0], [1.0], [1.0], [1.0], [1.0], [1.0], [1.0], [1.0], [1.0], [1.0], [1.0], [1.0], [1.0], [1.0], [1.0], [1.0], [1.0], [1.0], [1.0], [1.0], [1.0], [1.0], [1.0], [1.0], [1.0], [1.0], [1.0], [1.0], [1.0], [1.0], [1.0], [1.0], [1.0], [1.0], [1.0], [1.0], [1.0], [1.0], [1.0], [1.0], [1.0], [1.0], [1.0], [1.0], [1.0], [1.0], [1.0], [1.0], [1.0], [1.0], [1.0], [1.0], [1.0], [1.0], [1.0], [1.0], [1.0], [1.0], [1.0], [0.9974093264248705, 0.0025906735751295338], [0.9972826086956522, 0.002717391304347826], [0.9985611510791367, 0.0014388489208633094], [0.9984399375975039, 0.0015600624024961], [1.0], [1.0], [1.0], [1.0], [1.0], [0.671875, 0.125, 0.0703125, 0.059895833333333336, 0.044270833333333336, 0.028645833333333332], [0.6979472140762464, 0.12609970674486803, 0.05865102639296188, 0.04398826979472141, 0.026392961876832845, 0.026392961876832845, 0.020527859237536656], [0.7203947368421053, 0.13157894736842105, 0.046052631578947366, 0.039473684210526314, 0.023026315789473683, 0.019736842105263157, 0.019736842105263157], [0.725, 0.12857142857142856, 0.04285714285714286, 0.04285714285714286, 0.02142857142857143, 0.02142857142857143, 0.017857142857142856], [0.75390625, 0.1328125, 0.0390625, 0.0234375, 0.015625, 0.015625, 0.0078125, 0.0078125, 0.00390625], [0.7841409691629956, 0.13215859030837004, 0.039647577092511016, 0.00881057268722467, 0.00881057268722467, 0.00881057268722467, 0.00881057268722467, 0.004405286343612335, 0.004405286343612335], [0.8275862068965517, 0.11822660098522167, 0.034482758620689655, 0.009852216748768473, 0.0049261083743842365, 0.0049261083743842365], [0.8595505617977528, 0.11235955056179775, 0.028089887640449437], [0.875, 0.10625, 0.01875], [0.9014084507042254, 0.08450704225352113, 0.014084507042253521], [0.9090909090909091, 0.0743801652892562, 0.01652892561983471], [0.9047619047619048, 0.0761904761904762, 0.01904761904761905], [0.9634146341463414, 0.024390243902439025, 0.012195121951219513], [0.9710144927536232, 0.014492753623188406, 0.014492753623188406], [0.6909090909090909, 0.3090909090909091], [0.45, 0.275, 0.25, 0.025], [0.35294117647058826, 0.3235294117647059, 0.29411764705882354, 0.029411764705882353], [0.37037037037037035, 0.37037037037037035, 0.25925925925925924], [0.38095238095238093, 0.3333333333333333, 0.2857142857142857], [0.4117647058823529, 0.35294117647058826, 0.23529411764705882], [0.4, 0.3333333333333333, 0.26666666666666666], [0.38461538461538464, 0.3076923076923077, 0.3076923076923077], [0.5, 0.25, 0.25]]