{"colors_to_do": [15], "radii": [0.12, 0.13, 0.14, 0.15, 0.16, 0.17, 0.18, 0.19, 0.2, 0.21, 0.22, 0.23, 0.24, 0.25, 0.26, 0.27, 0.28, 0.29, 0.3, 0.31, 0.32, 0.33, 0.34, 0.35, 0.36, 0.37, 0.38, 0.39, 0.4, 0.41, 0.42, 0.43, 0.44, 0.45, 0.46, 0.47, 0.48, 0.49, 0.5], "structure_url": "https://doi.org/10.1103/PhysRevB.16.4404", "wyckoff_positions": ["a"], "min_connection_radius": 0.2718317853517823, "omega_stars": [0.5193037615238132], "code": 40018, "has_gaps_at": [[12, 14, 16]], "international": "3_121", "radii_to_do": [0.3], "sg_number": 152, "pointgroup": "32", "has_gap": true, "featured": false, "fill_fraction": [0.022107, 0.028106, 0.035118, 0.043176, 0.052367, 0.062822, 0.074569, 0.087703, 0.102277, 0.11842, 0.136144, 0.155579, 0.176766, 0.199763, 0.224669, 0.251684, 0.280295, 0.31, 0.340748, 0.372542, 0.405384, 0.43928, 0.474214, 0.510196, 0.547132, 0.58517, 0.624215, 0.6644, 0.705022, 0.743691, 0.780149, 0.814015, 0.845748, 0.87444, 0.900138, 0.922304, 0.941393, 0.957651, 0.971479], "code_source": "ICSD", "has_gaps_above_band": [15], "has_gaps_of_size": [0.6894521911014669], "common_name": "Selenium", "IBZ_sphericity": 0.6119916830781329, "CN": [2], "site_symmetries": ["2"], "num_jobs": 76, "photonics_url": "New", "connection_radius": 0.37, "image_keys": {"15": [[0, 0], [0, 90], [45, 45], [90, 0]]}, "fix_name": false, "gap_threshold_radii": [0.28], "clusters": [[], [], [], [], [], [0.4444444444444444, 0.3333333333333333], [0.35714285714285715, 0.35714285714285715, 0.2857142857142857], [0.3684210526315789, 0.3157894736842105, 0.3157894736842105], [0.3870967741935484, 0.3548387096774194, 0.25806451612903225], [0.34782608695652173, 0.32608695652173914, 0.32608695652173914], [0.3448275862068966, 0.3448275862068966, 0.3103448275862069], [0.35064935064935066, 0.3246753246753247, 0.3246753246753247], [0.3673469387755102, 0.3163265306122449, 0.3163265306122449], [0.35833333333333334, 0.3333333333333333, 0.30833333333333335], [0.36129032258064514, 0.3548387096774194, 0.2838709677419355], [0.366120218579235, 0.34972677595628415, 0.28415300546448086], [0.3640552995391705, 0.33640552995391704, 0.2995391705069124], [0.35856573705179284, 0.350597609561753, 0.2908366533864542], [0.35664335664335667, 0.3531468531468531, 0.2902097902097902], [0.3761194029850746, 0.3522388059701492, 0.2716417910447761], [0.37402597402597404, 0.36363636363636365, 0.2623376623376623], [0.3812785388127854, 0.363013698630137, 0.2534246575342466], [0.6298568507157464, 0.3619631901840491, 0.0081799591002045], [0.6423357664233577, 0.33941605839416056, 0.012773722627737226, 0.005474452554744526], [0.9738988580750407, 0.01794453507340946, 0.008156606851549755], [0.9558823529411765, 0.027941176470588237, 0.011764705882352941, 0.004411764705882353], [0.9490616621983914, 0.03485254691689008, 0.012064343163538873, 0.004021447721179625], [0.9395061728395062, 0.044444444444444446, 0.014814814814814815], [0.9314606741573034, 0.048314606741573035, 0.017977528089887642], [0.917093142272262, 0.05834186284544524, 0.021494370522006142, 0.0030706243602865915], [0.903954802259887, 0.06591337099811675, 0.023540489642184557, 0.004708097928436911], [0.8938207136640557, 0.07397737162750218, 0.026979982593559618, 0.005221932114882507], [0.8878960194963444, 0.07798537774167344, 0.02843216896831844, 0.005686433793663688], [0.8718535469107551, 0.11975591151792525, 0.006864988558352402], [0.9886765746638358, 0.007077140835102618, 0.004246284501061571], [0.9860650298606503, 0.012607830126078301], [0.9875930521091811, 0.01240694789081886], [1.0], [1.0], [1.0], [1.0], [1.0], [1.0], [1.0], [1.0], [1.0], [1.0], [1.0], [1.0], [1.0], [1.0], [1.0], [1.0], [1.0], [1.0]], "connection_phi": 0.58517, "connection_radii": [[0.2, 0.25, 0.3, 0.35, 0.4, 0.45, 0.5, 0.55, 0.6, 0.65, 0.7, 0.75, 0.8, 0.85, 0.9, 0.95], [0.08, 0.08, 0.08, 0.14, 0.25, 0.25, 0.25, 0.25, 0.25, 0.27, 0.27, 0.27, 0.27, 0.27, 0.37, 0.37]], "min_connection_phi": 0.251684, "proportion_of_high_eps_in_largest_cluster": [0.0, 0.0, 0.0, 0.0, 0.0, 0.4444444444444444, 0.35714285714285715, 0.3684210526315789, 0.3870967741935484, 0.34782608695652173, 0.3448275862068966, 0.35064935064935066, 0.3673469387755102, 0.35833333333333334, 0.36129032258064514, 0.366120218579235, 0.3640552995391705, 0.35856573705179284, 0.35664335664335667, 0.3761194029850746, 0.37402597402597404, 0.3812785388127854, 0.6298568507157464, 0.6423357664233577, 0.9738988580750407, 0.9558823529411765, 0.9490616621983914, 0.9395061728395062, 0.9314606741573034, 0.917093142272262, 0.903954802259887, 0.8938207136640557, 0.8878960194963444, 0.8718535469107551, 0.9886765746638358, 0.9860650298606503, 0.9875930521091811, 1.0, 1.0, 1.0, 1.0, 1.0, 1.0, 1.0, 1.0, 1.0, 1.0, 1.0, 1.0, 1.0, 1.0, 1.0, 1.0, 1.0, 1.0], "tags": ["chiral", "gap_optimized_when_high_eps_disconnected", "gap_optimized_when_high_eps_touching"], "not_tags": ["chiral", "diamond_derivative", "gap_optimized_when_high_eps_connected", "gap_optimized_when_high_eps_not_touching"], "void_connection_phi": 0.202637, "kp_labels": ["GAMMA", "M", "K", "GAMMA", "A", "L", "H", "A", "L", "M", "H", "K"], "kpoints": [[0.0, 0.0, 0.0], [0.5, 0.0, 0.0], [0.3333333333333333, 0.3333333333333333, 0.0], [0.0, 0.0, 0.0], [0.0, 0.0, 0.5], [0.5, 0.0, 0.5], [0.3333333333333333, 0.3333333333333333, 0.5], [0.0, 0.0, 0.5], [0.5, 0.0, 0.5], [0.5, 0.0, 0.0], [0.3333333333333333, 0.3333333333333333, 0.5], [0.3333333333333333, 0.3333333333333333, 0.0]], "bz_approved": true, "ready": true, "pdos_stored": true}