[[1.0], [1.0], [1.0], [1.0], [1.0], [1.0], [1.0], [1.0], [1.0], [1.0], [1.0], [1.0], [1.0], [1.0], [1.0], [1.0], [1.0], [1.0], [1.0], [1.0], [0.9985663082437276, 0.0008960573476702509, 0.00026881720430107527, 0.00026881720430107527], [0.9915662650602409, 0.0034136546184738957, 0.0022088353413654616, 0.0008032128514056225, 0.00030120481927710846, 0.00030120481927710846, 0.00030120481927710846, 0.00030120481927710846, 0.00010040160642570282, 0.00010040160642570282, 0.00010040160642570282, 0.00010040160642570282, 0.00010040160642570282, 0.00010040160642570282, 0.00010040160642570282, 0.00010040160642570282], [0.9935095039406583, 0.0024339360222531293, 0.0017385257301808068, 0.0009272137227630969, 0.0001159017153453871, 0.0001159017153453871, 0.0001159017153453871, 0.0001159017153453871, 0.0001159017153453871, 0.0001159017153453871, 0.0001159017153453871, 0.0001159017153453871, 0.0001159017153453871, 0.0001159017153453871, 0.0001159017153453871, 0.0001159017153453871], [0.9733351199249631, 0.010183572289963822, 0.005091786144981911, 0.004689803028272812, 0.001875921211309125, 0.001875921211309125, 0.0014739380946000268, 0.00040198311670909824, 0.00013399437223636607, 0.00013399437223636607, 0.00013399437223636607, 0.00013399437223636607, 0.00013399437223636607, 0.00013399437223636607, 0.00013399437223636607, 0.00013399437223636607], [0.8468877782825989, 0.08995910949568378, 0.01559897016507648, 0.009995456610631531, 0.007269422989550204, 0.006057852491291837, 0.005300620929880357, 0.00408905043162199, 0.003483265182492806, 0.0030289262456459185, 0.002423140996516735, 0.0016659094351052551, 0.0015144631228229592, 0.0015144631228229592, 0.0010601241859760715, 0.00015144631228229593], [0.6879047785751794, 0.19044284964116925, 0.044810082268510416, 0.008051811657622965, 0.007176614738316121, 0.007001575354454752, 0.006651496586732014, 0.005776299667425171, 0.005776299667425171, 0.005251181515841064, 0.004726063364256958, 0.004551023980395589, 0.003675827061088745, 0.003500787677227376, 0.0031507089095046386, 0.0022755119901977944, 0.0019254332224750569, 0.001750393838613688, 0.0012252756870295817, 0.001050236303168213, 0.000875196919306844, 0.000875196919306844, 0.000875196919306844, 0.0007001575354454753], [0.26767776245814456, 0.24502659050620446, 0.19775457947606853, 0.19283041166042938, 0.03860547567461099, 0.005909001378766989, 0.004924167815639157, 0.004924167815639157, 0.004530234390388024, 0.004136300965136892, 0.003939334252511325, 0.003939334252511325, 0.003348434114634627, 0.003348434114634627, 0.002757533976757928, 0.0025605672641323615, 0.0025605672641323615, 0.002166633838881229, 0.002166633838881229, 0.001378766988378964, 0.001378766988378964, 0.0011818002757533978, 0.0009848335631278313, 0.0005909001378766989, 0.0005909001378766989, 0.00039393342525113255, 0.00019696671262556627, 0.00019696671262556627], [0.27555263733858615, 0.2486320857955789, 0.20004377325454148, 0.19500984898227183, 0.037644998905668636, 0.005033924272269643, 0.003939592908732764, 0.0037207266360253883, 0.0037207266360253883, 0.003282994090610637, 0.0028452615451958854, 0.0028452615451958854, 0.0026263952724885093, 0.0026263952724885093, 0.001969796454366382, 0.001969796454366382, 0.0017509301816590063, 0.0013131976362442547, 0.001094331363536879, 0.001094331363536879, 0.001094331363536879, 0.0008754650908295032, 0.0006565988181221273, 0.0004377325454147516, 0.0002188662727073758], [0.2861292665214234, 0.25248123940934397, 0.20140401839748245, 0.20116194625998549, 0.029048656499636893, 0.00411522633744856, 0.0033890099249576375, 0.002420721374969741, 0.002420721374969741, 0.002420721374969741, 0.0019365770999757927, 0.0019365770999757927, 0.0019365770999757927, 0.0019365770999757927, 0.0016945049624788188, 0.0014524328249818446, 0.0014524328249818446, 0.0007262164124909223, 0.0004841442749939482, 0.0004841442749939482, 0.0004841442749939482, 0.0002420721374969741, 0.0002420721374969741], [0.2984993178717599, 0.2594815825375171, 0.20518417462482946, 0.2038199181446112, 0.018553888130968622, 0.0024556616643929058, 0.0019099590723055935, 0.001364256480218281, 0.001364256480218281, 0.001364256480218281, 0.001364256480218281, 0.0008185538881309686, 0.0008185538881309686, 0.0008185538881309686, 0.0008185538881309686, 0.0008185538881309686, 0.0005457025920873125], [0.30454545454545456, 0.26575757575757575, 0.20636363636363636, 0.20333333333333334, 0.010606060606060607, 0.0018181818181818182, 0.0015151515151515152, 0.0009090909090909091, 0.0009090909090909091, 0.0009090909090909091, 0.0009090909090909091, 0.0006060606060606061, 0.0006060606060606061, 0.0006060606060606061, 0.0006060606060606061], [0.307255098629221, 0.27014376462721496, 0.2046138415245737, 0.20294215981277164, 0.010698762955533266, 0.001671681711802073, 0.0013373453694416582, 0.00033433634236041456, 0.00033433634236041456, 0.00033433634236041456, 0.00033433634236041456], [0.30956778721832284, 0.27521241226449944, 0.20797931289250093, 0.19800517177687477, 0.004802364240857037, 0.0014776505356483192, 0.0011082379017362395, 0.0011082379017362395, 0.0007388252678241596], [0.31773399014778325, 0.2754515599343186, 0.20648604269293924, 0.20032840722495895], [0.3249772105742935, 0.272105742935278, 0.20282588878760255, 0.2000911577028259], [0.3318042813455658, 0.2711518858307849, 0.199796126401631, 0.19724770642201836], [0.3424101969872538, 0.2734646581691773, 0.19235225955967555, 0.19177288528389339], [0.3449367088607595, 0.2740506329113924, 0.19430379746835444, 0.18670886075949367], [0.3461259956553222, 0.280231716147719, 0.19116582186821143, 0.18247646632874728], [0.3763440860215054, 0.3064516129032258, 0.1863799283154122, 0.13082437275985664], [0.3619329388560158, 0.2879684418145957, 0.1854043392504931, 0.16469428007889547], [0.3824561403508772, 0.2830409356725146, 0.17660818713450294, 0.15789473684210525], [0.4068965517241379, 0.2731034482758621, 0.16689655172413792, 0.15310344827586206], [0.4326923076923077, 0.266025641025641, 0.15705128205128205, 0.14423076923076922], [0.44660194174757284, 0.26796116504854367, 0.1436893203883495, 0.141747572815534], [0.47869674185463656, 0.2756892230576441, 0.12781954887218044, 0.11779448621553884], [0.49393939393939396, 0.28484848484848485, 0.11515151515151516, 0.06060606060606061, 0.024242424242424242, 0.021212121212121213], [0.4980392156862745, 0.3254901960784314, 0.12549019607843137, 0.023529411764705882, 0.011764705882352941, 0.00784313725490196, 0.00392156862745098, 0.00392156862745098], [0.5722222222222222, 0.15, 0.12777777777777777, 0.06666666666666667, 0.06111111111111111, 0.016666666666666666, 0.005555555555555556], [0.7526881720430108, 0.12903225806451613, 0.0967741935483871, 0.010752688172043012, 0.010752688172043012], [0.7540983606557377, 0.13114754098360656, 0.11475409836065574], [0.7441860465116279, 0.13953488372093023, 0.11627906976744186]]