[[1.0], [1.0], [1.0], [1.0], [1.0], [1.0], [1.0], [1.0], [1.0], [1.0], [1.0], [1.0], [1.0], [1.0], [1.0], [1.0], [1.0], [1.0], [1.0], [1.0], [1.0], [1.0], [1.0], [1.0], [1.0], [1.0], [1.0], [1.0], [1.0], [1.0], [1.0], [1.0], [1.0], [1.0], [0.9838709677419355, 0.016129032258064516], [0.9587155963302753, 0.013761467889908258, 0.012232415902140673, 0.009938837920489297, 0.0022935779816513763, 0.0015290519877675841, 0.0015290519877675841], [0.9687235841081995, 0.01098901098901099, 0.009298393913778529, 0.005917159763313609, 0.0008453085376162299, 0.0008453085376162299, 0.0008453085376162299, 0.0008453085376162299, 0.0008453085376162299, 0.0008453085376162299], [0.9774288518155054, 0.007850834151128557, 0.005888125613346418, 0.003925417075564278, 0.0009813542688910696, 0.0009813542688910696, 0.0009813542688910696, 0.0009813542688910696, 0.0009813542688910696], [0.9445048966267682, 0.042437431991294884, 0.00544069640914037, 0.004352557127312296, 0.003264417845484222], [0.9390243902439024, 0.01707317073170732, 0.014634146341463415, 0.012195121951219513, 0.007317073170731708, 0.003658536585365854, 0.003658536585365854, 0.0024390243902439024], [0.9347258485639687, 0.018276762402088774, 0.015665796344647518, 0.013054830287206266, 0.007832898172323759, 0.0039164490861618795, 0.0039164490861618795, 0.0026109660574412533], [0.948905109489051, 0.014598540145985401, 0.010218978102189781, 0.008759124087591242, 0.008759124087591242, 0.004379562043795621, 0.00291970802919708, 0.00145985401459854], [0.9515625, 0.0140625, 0.009375, 0.009375, 0.0078125, 0.003125, 0.003125, 0.0015625], [0.9321739130434783, 0.02434782608695652, 0.01565217391304348, 0.008695652173913044, 0.008695652173913044, 0.006956521739130435, 0.0034782608695652175], [0.9384328358208955, 0.022388059701492536, 0.013059701492537313, 0.009328358208955223, 0.007462686567164179, 0.005597014925373134, 0.0037313432835820895], [0.9534412955465587, 0.018218623481781375, 0.010121457489878543, 0.008097165991902834, 0.004048582995951417, 0.004048582995951417, 0.0020242914979757085], [0.9573033707865168, 0.017977528089887642, 0.008988764044943821, 0.008988764044943821, 0.0022471910112359553, 0.0022471910112359553, 0.0022471910112359553], [0.9667519181585678, 0.015345268542199489, 0.0076726342710997444, 0.0076726342710997444, 0.0025575447570332483], [0.9791666666666666, 0.011904761904761904, 0.005952380952380952, 0.002976190476190476], [0.9832775919732442, 0.010033444816053512, 0.0033444816053511705, 0.0033444816053511705], [0.9814814814814815, 0.011111111111111112, 0.003703703703703704, 0.003703703703703704], [0.9831932773109243, 0.008403361344537815, 0.004201680672268907, 0.004201680672268907], [0.9852216748768473, 0.009852216748768473, 0.0049261083743842365], [0.9936305732484076, 0.006369426751592357], [0.9854014598540146, 0.0072992700729927005, 0.0072992700729927005], [0.45714285714285713, 0.3142857142857143, 0.12380952380952381, 0.0761904761904762, 0.01904761904761905, 0.009523809523809525], [0.5633802816901409, 0.29577464788732394, 0.056338028169014086, 0.014084507042253521, 0.014084507042253521, 0.014084507042253521, 0.014084507042253521, 0.014084507042253521, 0.014084507042253521], [0.6415094339622641, 0.32075471698113206, 0.03773584905660377]]