[[1.0], [1.0], [1.0], [1.0], [1.0], [1.0], [1.0], [1.0], [1.0], [1.0], [1.0], [1.0], [0.9998083005846832, 0.00019169941531678328], [1.0], [1.0], [1.0], [0.5320653499146549, 0.467934650085345], [0.3265842755719169, 0.19642387588745727, 0.13686563239547725, 0.13029187483565607, 0.11188535366815672, 0.09794898764133579], [0.33444676409185803, 0.19819067501739734, 0.1326374391092554, 0.1316631871955463, 0.11315240083507307, 0.08893528183716075, 0.0009742519137091162], [0.3492439964423362, 0.16854432256151794, 0.16009487103468723, 0.13593240438778537, 0.1049510821227394, 0.08093685146753632, 0.0002964719833975689], [0.3508095605242868, 0.20431765612952968, 0.13600616808018504, 0.12058596761757903, 0.11441788743253663, 0.07386276021588281], [0.37251264755480606, 0.1920741989881956, 0.1463743676222597, 0.11720067453625632, 0.11416526138279932, 0.057672849915682965], [0.37932871603622803, 0.19179541822056473, 0.15254839282543065, 0.11489966258213462, 0.11205824897886699, 0.049369561356775], [0.38233639602475156, 0.19351209450590662, 0.15450965685355333, 0.11700731295705982, 0.11044440277517345, 0.042190136883555225], [0.3843988741455569, 0.19963811821471653, 0.15379975874547647, 0.12283876156011259, 0.09871330920788098, 0.04061117812625653], [0.40217391304347827, 0.1815217391304348, 0.15478260869565216, 0.11760869565217391, 0.10217391304347827, 0.04173913043478261], [0.41771861372504016, 0.18108790452145973, 0.15744778517328437, 0.11957769107183842, 0.08882258434702778, 0.035345421161349554], [0.42345971563981044, 0.18056872037914692, 0.1537914691943128, 0.12132701421800948, 0.09573459715639811, 0.025118483412322274], [0.4462171899125064, 0.18553782810087494, 0.16006176016469378, 0.1188883170355121, 0.07694287184765826, 0.012352032938754504], [0.4745955151859211, 0.1731478853250071, 0.15299460686914562, 0.11297189894975873, 0.08288390576213454, 0.002554640931024695, 0.0005676979846721544, 0.0002838489923360772], [0.48196114708603144, 0.1822386679000925, 0.16034535923527599, 0.1171754548257786, 0.05766265803268578, 0.0006167129201356768], [0.4807505661598188, 0.18343578130055, 0.16143642834034294, 0.11484956324813976, 0.059527660951148496], [0.4873439082011475, 0.186297671279109, 0.16368545393182585, 0.11643604454944313, 0.04623692203847452], [0.5249056603773585, 0.2060377358490566, 0.12377358490566037, 0.09962264150943397, 0.045660377358490566], [0.5388580491673275, 0.19904837430610625, 0.126883425852498, 0.10150674068199841, 0.033703409992069784], [0.5441595441595442, 0.19495319495319496, 0.12535612535612536, 0.10378510378510379, 0.031746031746031744], [0.5676172953081877, 0.19825206991720332, 0.12419503219871206, 0.10257589696412144, 0.004139834406623735, 0.0018399264029438822, 0.0013799448022079118], [0.6164692611393119, 0.2323745064861816, 0.07670614777213762, 0.07388606880992668, 0.0005640157924421884], [0.6247787610619469, 0.23008849557522124, 0.07551622418879056, 0.0696165191740413], [0.7163362952836637, 0.24948735475051265, 0.03417634996582365], [0.7175141242937854, 0.24858757062146894, 0.015536723163841809, 0.012005649717514125, 0.00423728813559322, 0.0007062146892655367, 0.0007062146892655367, 0.0007062146892655367], [0.7471087124132614, 0.2528912875867386], [0.7589784517158819, 0.24102154828411812], [0.7610837438423645, 0.23891625615763548], [0.7449069973427812, 0.2550930026572188], [0.7364729458917836, 0.2635270541082164], [0.7341640706126688, 0.26583592938733125], [0.7457627118644068, 0.2542372881355932], [0.7859608745684695, 0.2140391254315305], [0.8117469879518072, 0.18825301204819278], [0.8358458961474037, 0.16415410385259632], [0.8568548387096774, 0.1431451612903226], [0.8926553672316384, 0.062146892655367235, 0.04519774011299435], [0.9833333333333333, 0.008333333333333333, 0.008333333333333333], [1.0], [1.0], [1.0], [0.6410256410256411, 0.358974358974359], [1.0], [], [], [], [], [], [], [], [], [], [], []]