[[], [], [], [], [], [], [], [], [], [], [], [], [], [], [0.15789473684210525, 0.15789473684210525, 0.15789473684210525, 0.15789473684210525], [0.15555555555555556, 0.13333333333333333, 0.13333333333333333, 0.13333333333333333, 0.1111111111111111, 0.1111111111111111, 0.1111111111111111, 0.1111111111111111], [0.12727272727272726, 0.12727272727272726, 0.12727272727272726, 0.12727272727272726, 0.12727272727272726, 0.12727272727272726, 0.12727272727272726, 0.10909090909090909], [0.14084507042253522, 0.14084507042253522, 0.14084507042253522, 0.14084507042253522, 0.14084507042253522, 0.09859154929577464, 0.09859154929577464, 0.09859154929577464], [0.14084507042253522, 0.14084507042253522, 0.14084507042253522, 0.14084507042253522, 0.14084507042253522, 0.09859154929577464, 0.09859154929577464, 0.09859154929577464], [0.22105263157894736, 0.15789473684210525, 0.12631578947368421, 0.12631578947368421, 0.12631578947368421, 0.12631578947368421, 0.11578947368421053], [0.27419354838709675, 0.1532258064516129, 0.1532258064516129, 0.10483870967741936, 0.10483870967741936, 0.10483870967741936, 0.10483870967741936], [0.25, 0.125, 0.125, 0.125, 0.125, 0.125, 0.125], [0.7738095238095238, 0.1130952380952381, 0.1130952380952381], [0.7448979591836735, 0.1377551020408163, 0.11734693877551021], [0.7545454545454545, 0.12272727272727273, 0.12272727272727273], [0.7631578947368421, 0.11842105263157894, 0.11842105263157894], [0.7679324894514767, 0.11814345991561181, 0.11392405063291139], [0.7703180212014135, 0.11307420494699646, 0.10600706713780919], [0.7891373801916933, 0.10543130990415335, 0.09584664536741214], [0.7750759878419453, 0.12462006079027356, 0.0911854103343465], [0.7239709443099274, 0.13801452784503632, 0.1016949152542373, 0.012106537530266344, 0.012106537530266344, 0.012106537530266344], [0.7348314606741573, 0.13707865168539327, 0.09438202247191012, 0.011235955056179775, 0.011235955056179775, 0.011235955056179775], [0.6943907156673114, 0.14893617021276595, 0.10444874274661509, 0.017408123791102514, 0.017408123791102514, 0.017408123791102514], [0.7112299465240641, 0.1443850267379679, 0.0962566844919786, 0.016042780748663103, 0.016042780748663103, 0.016042780748663103], [0.8617747440273038, 0.09215017064846416, 0.015358361774744027, 0.015358361774744027, 0.015358361774744027], [0.8627118644067797, 0.09152542372881356, 0.015254237288135594, 0.015254237288135594, 0.015254237288135594], [0.8672131147540983, 0.08852459016393442, 0.014754098360655738, 0.014754098360655738, 0.014754098360655738], [0.8586626139817629, 0.08662613981762918, 0.016717325227963525, 0.016717325227963525, 0.016717325227963525], [0.8667621776504298, 0.08166189111747851, 0.015759312320916905, 0.015759312320916905, 0.015759312320916905], [0.6910039113428944, 0.14863102998696218, 0.08604954367666232, 0.020860495436766623, 0.020860495436766623, 0.020860495436766623, 0.003911342894393742, 0.003911342894393742, 0.003911342894393742], [0.8489208633093526, 0.07913669064748201, 0.019184652278177457, 0.019184652278177457, 0.019184652278177457, 0.0035971223021582736, 0.0035971223021582736, 0.0035971223021582736], [0.826879271070615, 0.0888382687927107, 0.022779043280182234, 0.022779043280182234, 0.022779043280182234, 0.003416856492027335, 0.003416856492027335, 0.003416856492027335], [0.8315789473684211, 0.08210526315789474, 0.021052631578947368, 0.021052631578947368, 0.021052631578947368, 0.005263157894736842, 0.004210526315789474, 0.004210526315789474, 0.003157894736842105, 0.003157894736842105, 0.003157894736842105], [0.8174757281553398, 0.08737864077669903, 0.02330097087378641, 0.02330097087378641, 0.02330097087378641, 0.005825242718446602, 0.005825242718446602, 0.0048543689320388345, 0.002912621359223301, 0.002912621359223301, 0.002912621359223301], [0.8186915887850468, 0.08411214953271028, 0.022429906542056073, 0.022429906542056073, 0.022429906542056073, 0.008411214953271028, 0.0065420560747663555, 0.0065420560747663555, 0.002803738317757009, 0.002803738317757009, 0.002803738317757009], [0.815742397137746, 0.08139534883720931, 0.022361359570661897, 0.022361359570661897, 0.022361359570661897, 0.008050089445438283, 0.008050089445438283, 0.008050089445438283, 0.0035778175313059034, 0.0035778175313059034, 0.0035778175313059034], [0.8050420168067227, 0.08151260504201681, 0.024369747899159664, 0.024369747899159664, 0.024369747899159664, 0.008403361344537815, 0.008403361344537815, 0.007563025210084034, 0.005042016806722689, 0.005042016806722689, 0.005042016806722689], [0.8061389337641357, 0.07835218093699516, 0.023424878836833602, 0.023424878836833602, 0.023424878836833602, 0.01050080775444265, 0.009693053311793215, 0.009693053311793215, 0.004846526655896607, 0.004846526655896607, 0.004846526655896607], [0.8155767817781043, 0.08008817046289493, 0.02718589272593681, 0.02718589272593681, 0.02718589272593681, 0.0073475385745775165, 0.0073475385745775165, 0.0073475385745775165], [0.8248429867411026, 0.07606420097697139, 0.025819958129797628, 0.025819958129797628, 0.025819958129797628, 0.006978367062107467, 0.006978367062107467, 0.006978367062107467], [0.8271186440677966, 0.07389830508474576, 0.025084745762711864, 0.025084745762711864, 0.025084745762711864, 0.006779661016949152, 0.006779661016949152, 0.006779661016949152], [0.8349769888231426, 0.07166337935568705, 0.024326101249178174, 0.024326101249178174, 0.024326101249178174, 0.006574621959237344, 0.006574621959237344, 0.006574621959237344], [0.8376500315855969, 0.07075173720783323, 0.024005053695514846, 0.024005053695514846, 0.024005053695514846, 0.006317119393556538, 0.006317119393556538, 0.006317119393556538], [0.8202710665880967, 0.07483794932233354, 0.026517383618149676, 0.026517383618149676, 0.026517383618149676, 0.0076605774896876845, 0.0076605774896876845, 0.0076605774896876845, 0.002357100766057749], [0.8138624930128563, 0.0771380659586361, 0.02850754611514813, 0.02850754611514813, 0.02627166014533259, 0.007825600894354388, 0.007825600894354388, 0.007825600894354388, 0.0022358859698155395], [0.8155759870200108, 0.07679826933477556, 0.027582477014602487, 0.027582477014602487, 0.027582477014602487, 0.0075716603569497025, 0.0075716603569497025, 0.0075716603569497025, 0.002163331530557058], [0.8570683359415754, 0.07720396452790819, 0.028690662493479395, 0.028690662493479395, 0.008346374543557642], [0.8556599110232328, 0.07612456747404844, 0.0291646070192783, 0.0291646070192783, 0.008897676717745922], [0.9990489776509748], [1.0], [0.9973947025618758, 0.0013026487190620929, 0.0013026487190620929], [0.9957246686618213, 0.0021376656690893546, 0.0021376656690893546], [1.0], [1.0], [1.0], [1.0], [1.0], [1.0], [1.0], [1.0], [1.0], [1.0], [1.0], [1.0], [1.0], [1.0], [1.0], [1.0], [1.0], [1.0], [1.0], [1.0], [1.0], [1.0], [1.0], [1.0], [1.0], [1.0], [1.0], [1.0], [1.0], [1.0], [1.0], [1.0], [1.0], [1.0], [1.0], [1.0], [1.0], [1.0]]