[[1.0], [1.0], [1.0], [1.0], [1.0], [1.0], [1.0], [1.0], [1.0], [1.0], [1.0], [1.0], [1.0], [1.0], [1.0], [1.0], [1.0], [1.0], [1.0], [1.0], [1.0], [1.0], [1.0], [1.0], [1.0], [1.0], [1.0], [1.0], [1.0], [1.0], [1.0], [1.0], [0.9971119133574007, 0.001444043321299639, 0.001444043321299639], [0.9891304347826086, 0.006211180124223602, 0.0038819875776397515, 0.0007763975155279503], [0.9941569282136895, 0.0025041736227045075, 0.001669449081803005, 0.0008347245409015025, 0.0008347245409015025], [0.9947275922671354, 0.0026362038664323375, 0.0008787346221441124, 0.0008787346221441124, 0.0008787346221441124], [0.9933460076045627, 0.0038022813688212928, 0.0019011406844106464, 0.0009505703422053232], [0.9958890030832477, 0.0020554984583761563, 0.0010277492291880781, 0.0010277492291880781], [0.9966740576496674, 0.0022172949002217295, 0.0011086474501108647], [0.9927095990279465, 0.0036452004860267314, 0.002430133657351154, 0.001215066828675577], [0.9933949801849405, 0.003963011889035667, 0.002642007926023778], [0.995702005730659, 0.0028653295128939827, 0.0014326647564469914], [0.9984779299847792, 0.0015220700152207], [0.9917355371900827, 0.006611570247933884, 0.001652892561983471], [0.9701492537313433, 0.016791044776119403, 0.005597014925373134, 0.0037313432835820895, 0.0018656716417910447, 0.0018656716417910447], [0.9713701431492843, 0.016359918200409, 0.006134969325153374, 0.002044989775051125, 0.002044989775051125, 0.002044989775051125], [0.9770642201834863, 0.01834862385321101, 0.0045871559633027525], [0.9081632653061225, 0.06887755102040816, 0.02040816326530612, 0.002551020408163265], [0.9096209912536443, 0.07580174927113703, 0.011661807580174927, 0.0029154518950437317], [0.8733333333333333, 0.07, 0.043333333333333335, 0.013333333333333334], [0.8529411764705882, 0.0661764705882353, 0.04044117647058824, 0.03676470588235294, 0.003676470588235294], [0.8559670781893004, 0.06584362139917696, 0.0411522633744856, 0.037037037037037035], [0.8660714285714286, 0.0625, 0.03571428571428571, 0.03571428571428571], [0.8704663212435233, 0.06217616580310881, 0.03626943005181347, 0.031088082901554404], [0.875, 0.075, 0.025, 0.025], [0.8854961832061069, 0.06870229007633588, 0.030534351145038167, 0.015267175572519083], [0.8869565217391304, 0.0782608695652174, 0.017391304347826087, 0.017391304347826087], [0.5212765957446809, 0.22340425531914893, 0.19148936170212766, 0.06382978723404255], [0.5384615384615384, 0.21794871794871795, 0.1794871794871795, 0.0641025641025641], [0.5846153846153846, 0.18461538461538463, 0.16923076923076924, 0.06153846153846154], [0.62, 0.2, 0.14, 0.04], [0.627906976744186, 0.20930232558139536, 0.16279069767441862], [0.6666666666666666, 0.18181818181818182, 0.15151515151515152], [0.6785714285714286, 0.17857142857142858, 0.14285714285714285], [0.7, 0.15, 0.15], [0.75, 0.125, 0.125], [0.875, 0.125], [0.875, 0.125], [1.0], [1.0], [1.0], [1.0], [1.0], [1.0]]