[[1.0], [1.0], [1.0], [1.0], [1.0], [1.0], [1.0], [1.0], [1.0], [1.0], [1.0], [1.0], [1.0], [1.0], [1.0], [1.0], [1.0], [1.0], [1.0], [1.0], [1.0], [1.0], [1.0], [1.0], [1.0], [1.0], [1.0], [1.0], [1.0], [1.0], [1.0], [0.9904761904761905, 0.009523809523809525], [0.9929078014184397, 0.0070921985815602835], [0.991701244813278, 0.008298755186721992], [0.9065420560747663, 0.03271028037383177, 0.03271028037383177, 0.009345794392523364, 0.009345794392523364, 0.004672897196261682, 0.004672897196261682], [0.8907103825136612, 0.03278688524590164, 0.03278688524590164, 0.02185792349726776, 0.01092896174863388, 0.00546448087431694, 0.00546448087431694], [0.9156626506024096, 0.030120481927710843, 0.030120481927710843, 0.024096385542168676], [0.9726027397260274, 0.00684931506849315, 0.00684931506849315, 0.00684931506849315, 0.00684931506849315], [0.36283185840707965, 0.2743362831858407, 0.2743362831858407, 0.05309734513274336, 0.008849557522123894, 0.008849557522123894, 0.008849557522123894, 0.008849557522123894], [0.37254901960784315, 0.2647058823529412, 0.2647058823529412, 0.06862745098039216, 0.00980392156862745, 0.00980392156862745, 0.00980392156862745], [0.37894736842105264, 0.28421052631578947, 0.28421052631578947, 0.021052631578947368, 0.010526315789473684, 0.010526315789473684, 0.010526315789473684], [0.38636363636363635, 0.2840909090909091, 0.2840909090909091, 0.011363636363636364, 0.011363636363636364, 0.011363636363636364, 0.011363636363636364], [0.4117647058823529, 0.2647058823529412, 0.2647058823529412, 0.014705882352941176, 0.014705882352941176, 0.014705882352941176, 0.014705882352941176], [0.40625, 0.265625, 0.265625, 0.015625, 0.015625, 0.015625, 0.015625], [0.43137254901960786, 0.27450980392156865, 0.27450980392156865, 0.0196078431372549], [0.4888888888888889, 0.24444444444444444, 0.24444444444444444, 0.022222222222222223], [0.4634146341463415, 0.2682926829268293, 0.2682926829268293], [0.4666666666666667, 0.26666666666666666, 0.26666666666666666], [0.42857142857142855, 0.2857142857142857, 0.2857142857142857], [0.47368421052631576, 0.2631578947368421, 0.2631578947368421], [0.5384615384615384, 0.23076923076923078, 0.23076923076923078], [0.5, 0.25, 0.25], [0.75, 0.125, 0.125], [0.6666666666666666, 0.16666666666666666, 0.16666666666666666], [0.6666666666666666, 0.16666666666666666, 0.16666666666666666], [0.6666666666666666, 0.16666666666666666, 0.16666666666666666], [0.5, 0.25, 0.25], [1.0], [1.0], [1.0], [], []]