[[], [], [], [], [1.0], [1.0], [0.5, 0.5], [0.3333333333333333, 0.3333333333333333, 0.3333333333333333], [0.3333333333333333, 0.3333333333333333, 0.3333333333333333], [0.1111111111111111, 0.1111111111111111, 0.1111111111111111, 0.1111111111111111, 0.1111111111111111, 0.1111111111111111, 0.1111111111111111, 0.1111111111111111, 0.1111111111111111], [0.18181818181818182, 0.09090909090909091, 0.09090909090909091, 0.09090909090909091, 0.09090909090909091, 0.09090909090909091, 0.09090909090909091, 0.09090909090909091, 0.09090909090909091, 0.09090909090909091], [0.125, 0.125, 0.125, 0.125, 0.125, 0.125, 0.0625, 0.0625, 0.0625, 0.0625], [0.125, 0.125, 0.125, 0.125, 0.125, 0.09375, 0.09375, 0.09375, 0.0625, 0.03125], [0.13157894736842105, 0.13157894736842105, 0.13157894736842105, 0.10526315789473684, 0.10526315789473684, 0.10526315789473684, 0.10526315789473684, 0.10526315789473684, 0.05263157894736842, 0.02631578947368421], [0.11666666666666667, 0.11666666666666667, 0.11666666666666667, 0.11666666666666667, 0.11666666666666667, 0.11666666666666667, 0.1, 0.06666666666666667, 0.06666666666666667, 0.06666666666666667], [0.11428571428571428, 0.11428571428571428, 0.11428571428571428, 0.11428571428571428, 0.11428571428571428, 0.11428571428571428, 0.1, 0.1, 0.05714285714285714, 0.05714285714285714], [0.1095890410958904, 0.1095890410958904, 0.1095890410958904, 0.1095890410958904, 0.1095890410958904, 0.1095890410958904, 0.0958904109589041, 0.0958904109589041, 0.0958904109589041, 0.0547945205479452], [0.125, 0.1, 0.1, 0.1, 0.1, 0.1, 0.1, 0.1, 0.0875, 0.0875], [0.11627906976744186, 0.11627906976744186, 0.09302325581395349, 0.09302325581395349, 0.09302325581395349, 0.09302325581395349, 0.09302325581395349, 0.09302325581395349, 0.09302325581395349, 0.08139534883720931, 0.011627906976744186, 0.011627906976744186, 0.011627906976744186], [0.11627906976744186, 0.11627906976744186, 0.09302325581395349, 0.09302325581395349, 0.09302325581395349, 0.09302325581395349, 0.09302325581395349, 0.09302325581395349, 0.09302325581395349, 0.08139534883720931, 0.011627906976744186, 0.011627906976744186, 0.011627906976744186], [0.13186813186813187, 0.12087912087912088, 0.10989010989010989, 0.08791208791208792, 0.08791208791208792, 0.08791208791208792, 0.08791208791208792, 0.08791208791208792, 0.08791208791208792, 0.07692307692307693, 0.01098901098901099, 0.01098901098901099, 0.01098901098901099], [0.14035087719298245, 0.11403508771929824, 0.10526315789473684, 0.10526315789473684, 0.10526315789473684, 0.09649122807017543, 0.08771929824561403, 0.08771929824561403, 0.08771929824561403, 0.07017543859649122], [0.12318840579710146, 0.11594202898550725, 0.11594202898550725, 0.11594202898550725, 0.10869565217391304, 0.09420289855072464, 0.09420289855072464, 0.09420289855072464, 0.07971014492753623, 0.057971014492753624], [0.11834319526627218, 0.11242603550295859, 0.11242603550295859, 0.10650887573964497, 0.10059171597633136, 0.10059171597633136, 0.10059171597633136, 0.10059171597633136, 0.10059171597633136, 0.047337278106508875], [0.11764705882352941, 0.11764705882352941, 0.11764705882352941, 0.10695187165775401, 0.10695187165775401, 0.10160427807486631, 0.09090909090909091, 0.09090909090909091, 0.09090909090909091, 0.058823529411764705], [0.11312217194570136, 0.11312217194570136, 0.1085972850678733, 0.10407239819004525, 0.10407239819004525, 0.09954751131221719, 0.09954751131221719, 0.09954751131221719, 0.09502262443438914, 0.049773755656108594, 0.004524886877828055, 0.004524886877828055, 0.004524886877828055], [0.292, 0.12, 0.12, 0.116, 0.092, 0.092, 0.088, 0.08], [0.273972602739726, 0.1232876712328767, 0.1232876712328767, 0.11643835616438356, 0.09931506849315068, 0.08904109589041095, 0.0821917808219178, 0.07876712328767123, 0.003424657534246575, 0.003424657534246575, 0.003424657534246575, 0.003424657534246575], [0.26490066225165565, 0.12582781456953643, 0.12582781456953643, 0.11920529801324503, 0.09933774834437085, 0.09602649006622517, 0.07947019867549669, 0.076158940397351, 0.0033112582781456954, 0.0033112582781456954, 0.0033112582781456954, 0.0033112582781456954], [0.25157232704402516, 0.1289308176100629, 0.1289308176100629, 0.12264150943396226, 0.11006289308176101, 0.09433962264150944, 0.07547169811320754, 0.07547169811320754, 0.0031446540880503146, 0.0031446540880503146, 0.0031446540880503146, 0.0031446540880503146], [0.2647058823529412, 0.12941176470588237, 0.12941176470588237, 0.12352941176470589, 0.10294117647058823, 0.08823529411764706, 0.07941176470588235, 0.07058823529411765, 0.0029411764705882353, 0.0029411764705882353, 0.0029411764705882353, 0.0029411764705882353], [0.2776280323450135, 0.12129380053908356, 0.12129380053908356, 0.11590296495956873, 0.10512129380053908, 0.09433962264150944, 0.08086253369272237, 0.0646900269541779, 0.0026954177897574125, 0.0026954177897574125, 0.0026954177897574125, 0.0026954177897574125, 0.0026954177897574125, 0.0026954177897574125, 0.0026954177897574125], [0.2736318407960199, 0.1318407960199005, 0.1318407960199005, 0.12935323383084577, 0.09701492537313433, 0.08706467661691543, 0.07462686567164178, 0.06716417910447761, 0.0024875621890547263, 0.0024875621890547263, 0.0024875621890547263], [0.2560706401766004, 0.13245033112582782, 0.13245033112582782, 0.13024282560706402, 0.09933774834437085, 0.09050772626931568, 0.07505518763796909, 0.0728476821192053, 0.006622516556291391, 0.002207505518763797, 0.002207505518763797], [0.34475374732334046, 0.13276231263383298, 0.13276231263383298, 0.13062098501070663, 0.10278372591006424, 0.07494646680942184, 0.07066381156316917, 0.006423982869379015, 0.0021413276231263384, 0.0021413276231263384], [0.3817427385892116, 0.12863070539419086, 0.12655601659751037, 0.12448132780082988, 0.08713692946058091, 0.07261410788381743, 0.06846473029045644, 0.006224066390041493, 0.002074688796680498, 0.002074688796680498], [0.5351043643263758, 0.13282732447817835, 0.12903225806451613, 0.1252371916508539, 0.0683111954459203, 0.0056925996204933585, 0.0018975332068311196, 0.0018975332068311196], [0.5434782608695652, 0.13043478260869565, 0.12681159420289856, 0.125, 0.06521739130434782, 0.005434782608695652, 0.0018115942028985507, 0.0018115942028985507], [0.6710743801652893, 0.19834710743801653, 0.12727272727272726, 0.001652892561983471, 0.001652892561983471], [0.9968895800933126, 0.0015552099533437014, 0.0015552099533437014], [0.9970457902511078, 0.0014771048744460858, 0.0014771048744460858], [1.0], [1.0], [1.0], [1.0], [1.0], [1.0], [1.0], [1.0], [1.0], [1.0], [1.0], [1.0], [1.0], [1.0], [1.0], [1.0], [1.0], [1.0], [1.0], [1.0], [1.0], [1.0]]