[[1.0], [1.0], [1.0], [1.0], [1.0], [1.0], [1.0], [1.0], [1.0], [1.0], [1.0], [1.0], [1.0], [1.0], [0.9997491219267436], [0.9997491219267436], [0.9997491219267436], [1.0], [1.0], [1.0], [1.0], [1.0], [1.0], [1.0], [1.0], [1.0], [1.0], [1.0], [1.0], [1.0], [1.0], [1.0], [1.0], [1.0], [1.0], [1.0], [1.0], [1.0], [1.0], [1.0], [1.0], [1.0], [1.0], [1.0], [1.0], [1.0], [1.0], [1.0], [0.38362760834670945, 0.1115569823434992, 0.1115569823434992, 0.1115569823434992, 0.09390048154093097, 0.09390048154093097, 0.09390048154093097], [0.389267461669506, 0.11158432708688246, 0.11158432708688246, 0.11158432708688246, 0.0919931856899489, 0.0919931856899489, 0.0919931856899489], [0.39663236669784846, 0.11131898971000935, 0.11131898971000935, 0.11131898971000935, 0.08980355472404115, 0.08980355472404115, 0.08980355472404115], [0.408016443987667, 0.11099691675231244, 0.11099691675231244, 0.11099691675231244, 0.08633093525179857, 0.08633093525179857, 0.08633093525179857], [0.40835266821345706, 0.1136890951276102, 0.1136890951276102, 0.1136890951276102, 0.08352668213457076, 0.08352668213457076, 0.08352668213457076], [0.4158291457286432, 0.114321608040201, 0.114321608040201, 0.114321608040201, 0.08040201005025126, 0.08040201005025126, 0.08040201005025126], [0.41278295605858856, 0.118508655126498, 0.118508655126498, 0.118508655126498, 0.07723035952063914, 0.07723035952063914, 0.07723035952063914], [0.4207492795389049, 0.11959654178674352, 0.11959654178674352, 0.11959654178674352, 0.07348703170028818, 0.07348703170028818, 0.07348703170028818], [0.4200913242009132, 0.1171993911719939, 0.1171993911719939, 0.1156773211567732, 0.0776255707762557, 0.076103500761035, 0.076103500761035], [0.43594009983361065, 0.11314475873544093, 0.11314475873544093, 0.11314475873544093, 0.07487520798668885, 0.07487520798668885, 0.07487520798668885], [0.45817490494296575, 0.10836501901140684, 0.10836501901140684, 0.10836501901140684, 0.07224334600760456, 0.07224334600760456, 0.07224334600760456], [0.46405228758169936, 0.11328976034858387, 0.11328976034858387, 0.11328976034858387, 0.032679738562091505, 0.032679738562091505, 0.032679738562091505, 0.032679738562091505, 0.032679738562091505, 0.032679738562091505], [0.46, 0.11333333333333333, 0.11333333333333333, 0.11333333333333333, 0.03333333333333333, 0.03333333333333333, 0.03333333333333333, 0.03333333333333333, 0.03333333333333333, 0.03333333333333333], [0.484375, 0.109375, 0.109375, 0.109375, 0.03125, 0.03125, 0.03125, 0.03125, 0.03125, 0.03125], [0.4954954954954955, 0.11411411411411411, 0.11411411411411411, 0.11411411411411411, 0.02702702702702703, 0.02702702702702703, 0.02702702702702703, 0.02702702702702703, 0.02702702702702703, 0.02702702702702703], [0.49514563106796117, 0.11650485436893204, 0.11650485436893204, 0.11650485436893204, 0.025889967637540454, 0.025889967637540454, 0.025889967637540454, 0.025889967637540454, 0.025889967637540454, 0.025889967637540454], [0.5333333333333333, 0.1111111111111111, 0.1111111111111111, 0.1111111111111111, 0.022222222222222223, 0.022222222222222223, 0.022222222222222223, 0.022222222222222223, 0.022222222222222223, 0.022222222222222223], [0.5405405405405406, 0.11711711711711711, 0.11711711711711711, 0.11711711711711711, 0.018018018018018018, 0.018018018018018018, 0.018018018018018018, 0.018018018018018018, 0.018018018018018018, 0.018018018018018018], [0.5142857142857142, 0.12380952380952381, 0.12380952380952381, 0.12380952380952381, 0.01904761904761905, 0.01904761904761905, 0.01904761904761905, 0.01904761904761905, 0.01904761904761905, 0.01904761904761905], [0.5317919075144508, 0.10982658959537572, 0.10982658959537572, 0.10982658959537572, 0.023121387283236993, 0.023121387283236993, 0.023121387283236993, 0.023121387283236993, 0.023121387283236993, 0.023121387283236993], [0.5253164556962026, 0.12025316455696203, 0.12025316455696203, 0.12025316455696203, 0.0189873417721519, 0.0189873417721519, 0.0189873417721519, 0.0189873417721519, 0.0189873417721519, 0.0189873417721519], [0.5555555555555556, 0.125, 0.11805555555555555, 0.11805555555555555], [0.5961538461538461, 0.11538461538461539, 0.11538461538461539, 0.11538461538461539], [0.5894736842105263, 0.11578947368421053, 0.11578947368421053, 0.11578947368421053], [0.5352112676056338, 0.1267605633802817, 0.1267605633802817, 0.1267605633802817], [0.5957446808510638, 0.14893617021276595, 0.1276595744680851, 0.1276595744680851], [0.5263157894736842, 0.15789473684210525, 0.15789473684210525, 0.15789473684210525]]