{"colors_to_do": [19], "radii": [0.08, 0.085, 0.09, 0.095, 0.1, 0.105, 0.11, 0.115, 0.12, 0.125, 0.13, 0.135, 0.14, 0.145, 0.15, 0.155, 0.16, 0.165, 0.17, 0.175, 0.18, 0.185, 0.19, 0.195, 0.2, 0.205, 0.21, 0.215, 0.22, 0.225, 0.23, 0.235, 0.24, 0.245, 0.25, 0.255, 0.26, 0.265, 0.27, 0.275, 0.28, 0.285, 0.29, 0.295, 0.3, 0.305, 0.31, 0.315, 0.32, 0.325, 0.33, 0.335, 0.34, 0.345, 0.35, 0.355, 0.36, 0.365, 0.37], "structure_url": "https://doi.org/10.1016/j.ssc.2010.06.004", "wyckoff_positions": ["d", "a", "e", "c"], "min_connection_radius": 0.21650635094610962, "fill_fraction": [0.976389, 0.97173, 0.966417, 0.96039, 0.953842, 0.946641, 0.93863, 0.929946, 0.920346, 0.909963, 0.898712, 0.886637, 0.873461, 0.859485, 0.844464, 0.828321, 0.811227, 0.792928, 0.773458, 0.752925, 0.731268, 0.708193, 0.684186, 0.658458, 0.631496, 0.603073, 0.573288, 0.541228, 0.509589, 0.478104, 0.44712, 0.41572, 0.384757, 0.355968, 0.323742, 0.295606, 0.271962, 0.251894, 0.231735, 0.212885, 0.195471, 0.178998, 0.164169, 0.149954, 0.136626, 0.124142, 0.112423, 0.101561, 0.090947, 0.082026, 0.072271, 0.064388, 0.056233, 0.048744, 0.042672, 0.036148, 0.030364, 0.025095, 0.020238], "code": 168328, "_id(old)": "b2dbdd571e61af61d45fabbcf995f3de", "_structure(old)": "cP11-H7Ti4_r", "international": "-43m", "radii_to_do": [0.29], "omega_stars": [0.6860818970141842], "sg_number": 215, "pointgroup": "-43m", "has_gap": true, "featured": false, "code_source": "ICSD", "has_gaps_above_band": [19], "has_gaps_of_size": [0.31263940203680596], "has_gaps_at": [[14, 16]], "common_name": "Inverse Titanium Hydride", "IBZ_sphericity": 0.5235987755982993, "CN": [4, 7], "site_symmetries": ["3m", "-43m", "-42m", "-42m"], "num_jobs": 81, "photonics_url": "New", "connection_radius": 0.24, "image_keys": {"19": [[0, 0], [0, 90], [45, 45], [90, 0]]}, "fix_name": false, "gap_threshold_radii": [0.29], "clusters": [[1.0], [1.0], [1.0], [1.0], [1.0], [1.0], [1.0], [1.0], [1.0], [1.0], [1.0], [1.0], [1.0], [1.0], [0.9997491219267436], [0.9997491219267436], [0.9997491219267436], [1.0], [1.0], [1.0], [1.0], [1.0], [1.0], [1.0], [1.0], [1.0], [1.0], [1.0], [1.0], [1.0], [1.0], [1.0], [1.0], [1.0], [1.0], [1.0], [1.0], [1.0], [1.0], [1.0], [1.0], [1.0], [1.0], [1.0], [1.0], [1.0], [1.0], [1.0], [0.38362760834670945, 0.1115569823434992, 0.1115569823434992, 0.1115569823434992, 0.09390048154093097, 0.09390048154093097, 0.09390048154093097], [0.389267461669506, 0.11158432708688246, 0.11158432708688246, 0.11158432708688246, 0.0919931856899489, 0.0919931856899489, 0.0919931856899489], [0.39663236669784846, 0.11131898971000935, 0.11131898971000935, 0.11131898971000935, 0.08980355472404115, 0.08980355472404115, 0.08980355472404115], [0.408016443987667, 0.11099691675231244, 0.11099691675231244, 0.11099691675231244, 0.08633093525179857, 0.08633093525179857, 0.08633093525179857], [0.40835266821345706, 0.1136890951276102, 0.1136890951276102, 0.1136890951276102, 0.08352668213457076, 0.08352668213457076, 0.08352668213457076], [0.4158291457286432, 0.114321608040201, 0.114321608040201, 0.114321608040201, 0.08040201005025126, 0.08040201005025126, 0.08040201005025126], [0.41278295605858856, 0.118508655126498, 0.118508655126498, 0.118508655126498, 0.07723035952063914, 0.07723035952063914, 0.07723035952063914], [0.4207492795389049, 0.11959654178674352, 0.11959654178674352, 0.11959654178674352, 0.07348703170028818, 0.07348703170028818, 0.07348703170028818], [0.4200913242009132, 0.1171993911719939, 0.1171993911719939, 0.1156773211567732, 0.0776255707762557, 0.076103500761035, 0.076103500761035], [0.43594009983361065, 0.11314475873544093, 0.11314475873544093, 0.11314475873544093, 0.07487520798668885, 0.07487520798668885, 0.07487520798668885], [0.45817490494296575, 0.10836501901140684, 0.10836501901140684, 0.10836501901140684, 0.07224334600760456, 0.07224334600760456, 0.07224334600760456], [0.46405228758169936, 0.11328976034858387, 0.11328976034858387, 0.11328976034858387, 0.032679738562091505, 0.032679738562091505, 0.032679738562091505, 0.032679738562091505, 0.032679738562091505, 0.032679738562091505], [0.46, 0.11333333333333333, 0.11333333333333333, 0.11333333333333333, 0.03333333333333333, 0.03333333333333333, 0.03333333333333333, 0.03333333333333333, 0.03333333333333333, 0.03333333333333333], [0.484375, 0.109375, 0.109375, 0.109375, 0.03125, 0.03125, 0.03125, 0.03125, 0.03125, 0.03125], [0.4954954954954955, 0.11411411411411411, 0.11411411411411411, 0.11411411411411411, 0.02702702702702703, 0.02702702702702703, 0.02702702702702703, 0.02702702702702703, 0.02702702702702703, 0.02702702702702703], [0.49514563106796117, 0.11650485436893204, 0.11650485436893204, 0.11650485436893204, 0.025889967637540454, 0.025889967637540454, 0.025889967637540454, 0.025889967637540454, 0.025889967637540454, 0.025889967637540454], [0.5333333333333333, 0.1111111111111111, 0.1111111111111111, 0.1111111111111111, 0.022222222222222223, 0.022222222222222223, 0.022222222222222223, 0.022222222222222223, 0.022222222222222223, 0.022222222222222223], [0.5405405405405406, 0.11711711711711711, 0.11711711711711711, 0.11711711711711711, 0.018018018018018018, 0.018018018018018018, 0.018018018018018018, 0.018018018018018018, 0.018018018018018018, 0.018018018018018018], [0.5142857142857142, 0.12380952380952381, 0.12380952380952381, 0.12380952380952381, 0.01904761904761905, 0.01904761904761905, 0.01904761904761905, 0.01904761904761905, 0.01904761904761905, 0.01904761904761905], [0.5317919075144508, 0.10982658959537572, 0.10982658959537572, 0.10982658959537572, 0.023121387283236993, 0.023121387283236993, 0.023121387283236993, 0.023121387283236993, 0.023121387283236993, 0.023121387283236993], [0.5253164556962026, 0.12025316455696203, 0.12025316455696203, 0.12025316455696203, 0.0189873417721519, 0.0189873417721519, 0.0189873417721519, 0.0189873417721519, 0.0189873417721519, 0.0189873417721519], [0.5555555555555556, 0.125, 0.11805555555555555, 0.11805555555555555], [0.5961538461538461, 0.11538461538461539, 0.11538461538461539, 0.11538461538461539], [0.5894736842105263, 0.11578947368421053, 0.11578947368421053, 0.11578947368421053], [0.5352112676056338, 0.1267605633802817, 0.1267605633802817, 0.1267605633802817], [0.5957446808510638, 0.14893617021276595, 0.1276595744680851, 0.1276595744680851], [0.5263157894736842, 0.15789473684210525, 0.15789473684210525, 0.15789473684210525]], "connection_radii": [[0.2, 0.25, 0.3, 0.35, 0.4, 0.45, 0.5, 0.55, 0.6, 0.65, 0.7, 0.75, 0.8, 0.85, 0.9, 0.95], [0.375, 0.375, 0.375, 0.375, 0.24, 0.24, 0.24, 0.24, 0.24, 0.24, 0.24, 0.24, 0.24, 0.24, 0.24, 0.24]], "min_connection_phi": 0.541228, "proportion_of_high_eps_in_largest_cluster": [1.0, 1.0, 1.0, 1.0, 1.0, 1.0, 1.0, 1.0, 1.0, 1.0, 1.0, 1.0, 1.0, 1.0, 0.9997491219267436, 0.9997491219267436, 0.9997491219267436, 1.0, 1.0, 1.0, 1.0, 1.0, 1.0, 1.0, 1.0, 1.0, 1.0, 1.0, 1.0, 1.0, 1.0, 1.0, 1.0, 1.0, 1.0, 1.0, 1.0, 1.0, 1.0, 1.0, 1.0, 1.0, 1.0, 1.0, 1.0, 1.0, 1.0, 1.0, 0.38362760834670945, 0.389267461669506, 0.39663236669784846, 0.408016443987667, 0.40835266821345706, 0.4158291457286432, 0.41278295605858856, 0.4207492795389049, 0.4200913242009132, 0.43594009983361065, 0.45817490494296575, 0.46405228758169936, 0.46, 0.484375, 0.4954954954954955, 0.49514563106796117, 0.5333333333333333, 0.5405405405405406, 0.5142857142857142, 0.5317919075144508, 0.5253164556962026, 0.5555555555555556, 0.5961538461538461, 0.5894736842105263, 0.5352112676056338, 0.5957446808510638, 0.5263157894736842], "not_tags": ["chiral", "gap_optimized_when_high_eps_connected"], "tags": ["gap_optimized_when_high_eps_disconnected"], "old_cp": 0.541228, "connection_phi": 0.384757, "void_connection_phi": 0.426712, "kp_labels": ["GAMMA", "X", "M", "GAMMA", "R", "X", "R", "M"], "kpoints": [[0.0, 0.0, 0.0], [0.0, 0.5, 0.0], [0.5, 0.5, 0.0], [0.0, 0.0, 0.0], [0.5, 0.5, 0.5], [0.0, 0.5, 0.0], [0.5, 0.5, 0.5], [0.5, 0.5, 0.0]], "ready": true, "pdos_stored": true}