[[1.0], [1.0], [1.0], [1.0], [1.0], [1.0], [1.0], [1.0], [1.0], [1.0], [1.0], [1.0], [1.0], [1.0], [1.0], [1.0], [1.0], [1.0], [1.0], [1.0], [1.0], [1.0], [1.0], [1.0], [1.0], [1.0], [1.0], [1.0], [1.0], [1.0], [1.0], [1.0], [1.0], [1.0], [1.0], [1.0], [1.0], [1.0], [1.0], [1.0], [1.0], [1.0], [1.0], [0.995850622406639, 0.004149377593360996], [0.9957716701902748, 0.004228329809725159], [0.9604395604395605, 0.03736263736263736, 0.002197802197802198], [0.9574944071588367, 0.03803131991051454, 0.0022371364653243847, 0.0022371364653243847], [0.956221198156682, 0.03917050691244239, 0.002304147465437788, 0.002304147465437788], [0.9557109557109557, 0.039627039627039624, 0.002331002331002331, 0.002331002331002331], [0.957345971563981, 0.037914691943127965, 0.002369668246445498, 0.002369668246445498], [0.9610705596107056, 0.0364963503649635, 0.0024330900243309003], [0.96, 0.0375, 0.0025], [0.958656330749354, 0.03875968992248062, 0.002583979328165375], [0.9604221635883905, 0.036939313984168866, 0.002638522427440633], [0.9592391304347826, 0.03804347826086957, 0.002717391304347826], [0.9576271186440678, 0.03954802259887006, 0.002824858757062147], [0.9596541786743515, 0.040345821325648415], [0.9614243323442137, 0.03857566765578635], [0.9454545454545454, 0.03939393939393939, 0.015151515151515152], [0.7801857585139319, 0.16718266253869968, 0.04024767801857585, 0.01238390092879257], [0.7879746835443038, 0.16455696202531644, 0.0379746835443038, 0.006329113924050633, 0.0031645569620253164], [0.788961038961039, 0.16883116883116883, 0.02922077922077922, 0.006493506493506494, 0.003246753246753247, 0.003246753246753247], [0.7827586206896552, 0.17586206896551723, 0.027586206896551724, 0.006896551724137931, 0.0034482758620689655, 0.0034482758620689655], [0.7777777777777778, 0.17562724014336917, 0.025089605734767026, 0.007168458781362007, 0.007168458781362007, 0.0035842293906810036, 0.0035842293906810036], [0.7865168539325843, 0.17228464419475656, 0.026217228464419477, 0.00749063670411985, 0.003745318352059925, 0.003745318352059925], [0.7868217054263565, 0.17054263565891473, 0.027131782945736434, 0.007751937984496124, 0.003875968992248062, 0.003875968992248062], [0.7831325301204819, 0.17269076305220885, 0.028112449799196786, 0.008032128514056224, 0.004016064257028112, 0.004016064257028112], [0.7818930041152263, 0.1728395061728395, 0.02880658436213992, 0.00823045267489712, 0.00411522633744856, 0.00411522633744856], [0.7796610169491526, 0.17796610169491525, 0.029661016949152543, 0.00847457627118644, 0.00423728813559322], [0.7733333333333333, 0.18222222222222223, 0.03111111111111111, 0.008888888888888889, 0.0044444444444444444], [0.7614678899082569, 0.18807339449541285, 0.03211009174311927, 0.009174311926605505, 0.0045871559633027525, 0.0045871559633027525], [0.784688995215311, 0.17703349282296652, 0.028708133971291867, 0.004784688995215311, 0.004784688995215311], [0.7810945273631841, 0.18407960199004975, 0.024875621890547265, 0.004975124378109453, 0.004975124378109453], [0.788659793814433, 0.18556701030927836, 0.02577319587628866], [0.7914438502673797, 0.18181818181818182, 0.026737967914438502], [0.7921348314606742, 0.17415730337078653, 0.028089887640449437, 0.0056179775280898875], [0.7906976744186046, 0.1744186046511628, 0.029069767441860465, 0.005813953488372093], [0.7865853658536586, 0.17682926829268292, 0.03048780487804878, 0.006097560975609756], [0.7837837837837838, 0.17567567567567569, 0.033783783783783786, 0.006756756756756757], [0.7801418439716312, 0.1773049645390071, 0.03546099290780142, 0.0070921985815602835], [0.7698412698412699, 0.18253968253968253, 0.03968253968253968, 0.007936507936507936], [0.7851239669421488, 0.17355371900826447, 0.03305785123966942, 0.008264462809917356], [0.782608695652174, 0.1826086956521739, 0.017391304347826087, 0.008695652173913044, 0.008695652173913044], [0.7798165137614679, 0.1834862385321101, 0.01834862385321101, 0.009174311926605505, 0.009174311926605505], [0.7755102040816326, 0.1836734693877551, 0.02040816326530612, 0.01020408163265306, 0.01020408163265306], [0.7640449438202247, 0.20224719101123595, 0.011235955056179775, 0.011235955056179775, 0.011235955056179775], [0.75, 0.21428571428571427, 0.011904761904761904, 0.011904761904761904, 0.011904761904761904], [0.7702702702702703, 0.20270270270270271, 0.013513513513513514, 0.013513513513513514], [0.3230769230769231, 0.3076923076923077, 0.23076923076923078, 0.06153846153846154, 0.046153846153846156, 0.015384615384615385, 0.015384615384615385], [0.3157894736842105, 0.2982456140350877, 0.22807017543859648, 0.07017543859649122, 0.05263157894736842, 0.017543859649122806, 0.017543859649122806], [0.32, 0.26, 0.26, 0.08, 0.04, 0.02, 0.02], [0.3, 0.25, 0.2, 0.075, 0.05, 0.05, 0.025, 0.025, 0.025], [0.44, 0.16, 0.12, 0.12, 0.04, 0.04, 0.04, 0.04], [0.625, 0.0625, 0.0625, 0.0625, 0.0625, 0.0625, 0.0625], [0.5454545454545454, 0.09090909090909091, 0.09090909090909091, 0.09090909090909091, 0.09090909090909091, 0.09090909090909091], [0.6666666666666666, 0.16666666666666666, 0.16666666666666666], [0.75, 0.25], [0.75, 0.25], [0.6666666666666666, 0.3333333333333333], [1.0], [], [], [], [], [], [], [], []]