[[1.0], [1.0], [1.0], [1.0], [1.0], [1.0], [1.0], [1.0], [1.0], [1.0], [1.0], [1.0], [1.0], [1.0], [1.0], [1.0], [1.0], [1.0], [1.0], [1.0], [1.0], [1.0], [1.0], [1.0], [1.0], [1.0], [1.0], [1.0], [1.0], [1.0], [0.9908015768725361, 0.009198423127463863], [0.9943262411347518, 0.005673758865248227], [0.9940564635958395, 0.005943536404160475], [0.9857142857142858, 0.009523809523809525, 0.004761904761904762], [0.9863013698630136, 0.010273972602739725, 0.003424657534246575], [0.9908424908424909, 0.005494505494505495, 0.003663003663003663], [0.9919678714859438, 0.006024096385542169, 0.002008032128514056], [0.9185022026431718, 0.06828193832599119, 0.006607929515418502, 0.006607929515418502], [0.6467780429594272, 0.2744630071599045, 0.06682577565632458, 0.007159904534606206, 0.00477326968973747], [0.5755208333333334, 0.2916666666666667, 0.0625, 0.059895833333333336, 0.0078125, 0.0026041666666666665], [0.576271186440678, 0.2853107344632768, 0.06779661016949153, 0.059322033898305086, 0.00847457627118644, 0.002824858757062147], [0.5805471124620061, 0.2826747720364742, 0.06382978723404255, 0.060790273556231005, 0.00911854103343465, 0.00303951367781155], [0.5858585858585859, 0.15151515151515152, 0.1414141414141414, 0.06060606060606061, 0.05723905723905724, 0.003367003367003367], [0.5992647058823529, 0.15073529411764705, 0.14338235294117646, 0.058823529411764705, 0.04411764705882353, 0.003676470588235294], [0.5991902834008097, 0.16194331983805668, 0.145748987854251, 0.05668016194331984, 0.03643724696356275], [0.6171171171171171, 0.16216216216216217, 0.13963963963963963, 0.04954954954954955, 0.03153153153153153], [0.5989847715736041, 0.15228426395939088, 0.15228426395939088, 0.050761421319796954, 0.030456852791878174, 0.015228426395939087], [0.6047904191616766, 0.15568862275449102, 0.1497005988023952, 0.041916167664670656, 0.017964071856287425, 0.017964071856287425, 0.011976047904191617], [0.5586206896551724, 0.1724137931034483, 0.16551724137931034, 0.041379310344827586, 0.027586206896551724, 0.013793103448275862, 0.013793103448275862, 0.006896551724137931], [0.6046511627906976, 0.16279069767441862, 0.15503875968992248, 0.031007751937984496, 0.015503875968992248, 0.015503875968992248, 0.015503875968992248], [0.6017699115044248, 0.18584070796460178, 0.1592920353982301, 0.017699115044247787, 0.017699115044247787, 0.008849557522123894, 0.008849557522123894], [0.6464646464646465, 0.18181818181818182, 0.15151515151515152, 0.020202020202020204], [0.6627906976744186, 0.1744186046511628, 0.13953488372093023, 0.023255813953488372], [0.68, 0.2, 0.10666666666666667, 0.013333333333333334], [0.6461538461538462, 0.23076923076923078, 0.1076923076923077, 0.015384615384615385], [0.6792452830188679, 0.18867924528301888, 0.1320754716981132], [0.6666666666666666, 0.20833333333333334, 0.125], [0.6666666666666666, 0.20512820512820512, 0.1282051282051282], [0.6875, 0.21875, 0.09375], [0.8, 0.2], [0.6875, 0.3125], [0.6923076923076923, 0.3076923076923077], [0.5714285714285714, 0.42857142857142855], [0.3333333333333333, 0.3333333333333333, 0.3333333333333333], [0.5, 0.5], [1.0], [], [], [], [], [], [], [], [], [], [], [], [], [], []]