{"colors_to_do": [2, 18, 13, 6, 5], "radii": [0.17, 0.18, 0.19, 0.2, 0.21, 0.22, 0.23, 0.24, 0.25, 0.26, 0.27, 0.28, 0.29, 0.3, 0.31, 0.32, 0.33, 0.34, 0.35, 0.36, 0.37, 0.38, 0.39, 0.4, 0.41, 0.42, 0.43, 0.44, 0.45, 0.46, 0.47, 0.48, 0.49, 0.5, 0.51, 0.52, 0.53, 0.54, 0.55, 0.56, 0.57, 0.58, 0.59, 0.6, 0.61, 0.62, 0.63, 0.64], "structure_url": "https://doi.org/10.1103/PhysRev.19.444.3", "wyckoff_positions": ["a"], "min_connection_radius": 0.4999999999764767, "omega_stars": [0.28606682914866344, 0.5470616736261621, 0.6012929322440692, 0.4539024441754881, 0.696480144873858], "code": 53771, "has_gaps_at": [[14, 16], [8, 10, 12, 14, 16], [], [12, 16], [12]], "international": "-3m", "radii_to_do": [0.43, 0.32, 0.46, 0.28, 0.28], "sg_number": 166, "pointgroup": "-3m", "run_FA": true, "has_gap": true, "featured": false, "fill_fraction": [0.02392, 0.028381, 0.03339, 0.038944, 0.045068, 0.051826, 0.059217, 0.067284, 0.076053, 0.085547, 0.095795, 0.106843, 0.118701, 0.13141, 0.14499, 0.159488, 0.1749, 0.191293, 0.208672, 0.227078, 0.246526, 0.267057, 0.288707, 0.31149, 0.335439, 0.360585, 0.386954, 0.414593, 0.443506, 0.47374, 0.505344, 0.538218, 0.572526, 0.609166, 0.645184, 0.679723, 0.714458, 0.748057, 0.781002, 0.81211, 0.842429, 0.871827, 0.897964, 0.920286, 0.938774, 0.953364, 0.964757, 0.973549], "code_source": "ICSD", "has_gaps_above_band": [2, 5, 6, 13, 18], "has_gaps_of_size": [1.109190838278441, 1.3590724365894291, 0.06784940043143228, 0.17434399746821538, 0.03755802297175238], "common_name": "Mercury (alpha, LT)", "IBZ_sphericity": 0.7122549966699975, "CN": [6], "site_symmetries": ["-3m"], "num_jobs": 166, "photonics_url": "Gap(s) for space group 166 above band 2 theorized in: https://doi.org/10.1103/PhysRevLett.121.263903,\n Gap(s) above band(s) 5, 6, 13, 18 not previously studied", "connection_radius": 0.49, "image_keys": {"2": [[0, 0], [0, 90], [45, 45], [90, 0]], "5": [[0, 0], [0, 90], [45, 45], [90, 0]], "6": [[0, 0], [0, 90], [45, 45], [90, 0]], "13": [[0, 0], [0, 90], [45, 45], [90, 0]], "18": [[0, 0], [0, 90], [45, 45], [90, 0]]}, "fix_name": false, "gap_threshold_radii": [0.29, 0.23, 0.28, 0.46, 0.32], "ind": 49, "cr": 0.5, "clusters": [[], [], [], [], [0.16666666666666666, 0.16666666666666666, 0.14285714285714285, 0.14285714285714285, 0.09523809523809523, 0.09523809523809523, 0.09523809523809523, 0.09523809523809523], [0.13414634146341464, 0.13414634146341464, 0.13414634146341464, 0.12195121951219512, 0.12195121951219512, 0.12195121951219512, 0.12195121951219512, 0.10975609756097561], [0.13636363636363635, 0.12987012987012986, 0.12987012987012986, 0.12337662337662338, 0.12337662337662338, 0.12337662337662338, 0.11688311688311688, 0.11688311688311688], [0.128, 0.128, 0.124, 0.124, 0.124, 0.124, 0.124, 0.124], [0.12903225806451613, 0.12903225806451613, 0.12634408602150538, 0.12634408602150538, 0.12365591397849462, 0.12365591397849462, 0.12096774193548387, 0.12096774193548387], [0.12992125984251968, 0.12992125984251968, 0.1279527559055118, 0.12598425196850394, 0.12401574803149606, 0.12401574803149606, 0.12007874015748031, 0.11811023622047244], [0.12962962962962962, 0.1267806267806268, 0.1267806267806268, 0.12535612535612536, 0.12535612535612536, 0.1225071225071225, 0.1225071225071225, 0.12108262108262108], [0.12758996728462377, 0.12649945474372956, 0.12540894220283533, 0.12540894220283533, 0.12431842966194111, 0.12431842966194111, 0.12431842966194111, 0.12213740458015267], [0.12660393498716851, 0.12660393498716851, 0.12574850299401197, 0.12489307100085544, 0.12489307100085544, 0.12403763900769889, 0.12403763900769889, 0.12318220701454234], [0.12881806108897742, 0.12881806108897742, 0.12682602921646746, 0.12616201859229748, 0.12350597609561753, 0.12284196547144755, 0.12151394422310757, 0.12151394422310757], [0.1265155508697944, 0.12598840274117026, 0.12598840274117026, 0.12546125461254612, 0.12493410648392199, 0.12493410648392199, 0.12335266209804956, 0.12282551396942541], [0.1289622231871472, 0.12852800694745983, 0.12592270950933565, 0.12505427702996091, 0.12331741207121147, 0.1228831958315241, 0.1228831958315241, 0.12244897959183673], [0.1269956458635704, 0.1262699564586357, 0.12590711175616837, 0.125544267053701, 0.12445573294629898, 0.12409288824383163, 0.12336719883889695, 0.12336719883889695], [0.12602490130580019, 0.12602490130580019, 0.12572122684482234, 0.12572122684482234, 0.12511387792286668, 0.12511387792286668, 0.1232918311569997, 0.12298815669602187], [0.12640449438202248, 0.1261491317671093, 0.12563840653728295, 0.12563840653728295, 0.12563840653728295, 0.12461695607763024, 0.12308478038815117, 0.122829417773238], [0.1268624014022787, 0.1268624014022787, 0.12510955302366344, 0.12467134092900964, 0.12445223488168274, 0.12401402278702892, 0.12401402278702892, 0.12401402278702892], [0.12612951807228914, 0.12575301204819278, 0.12575301204819278, 0.125, 0.1248117469879518, 0.12462349397590361, 0.12405873493975904, 0.12387048192771084], [0.12660699755899105, 0.12644426362896663, 0.12644426362896663, 0.12611879576891782, 0.12367778681855167, 0.12367778681855167, 0.12351505288852725, 0.12351505288852725], [0.12814285714285714, 0.12742857142857142, 0.12657142857142858, 0.12628571428571428, 0.12371428571428572, 0.12314285714285714, 0.12242857142857143, 0.12228571428571429], [0.1272178180445451, 0.1269661507487102, 0.1264628161570404, 0.1262111488612055, 0.12344280860702152, 0.12344280860702152, 0.12319114131118661, 0.12306530766326916], [0.1270656543099598, 0.12673068334077714, 0.12639571237159447, 0.12617239839213934, 0.1223760607414024, 0.12204108977221974, 0.12192943278249219, 0.12192943278249219, 0.0013398838767306833, 0.0013398838767306833, 0.0013398838767306833, 0.0013398838767306833], [0.12799840748482133, 0.1277993430874888, 0.12680402110082611, 0.1266049567034936, 0.11973723499552105, 0.11963770279685479, 0.11933910620085597, 0.11923957400218971, 0.0032845625559868616, 0.0032845625559868616, 0.0031850303573205934, 0.003085498158654325], [0.12882290184921763, 0.12855618776671407, 0.12855618776671407, 0.12837837837837837, 0.11584281650071124, 0.11566500711237554, 0.11548719772403983, 0.11522048364153627, 0.00604551920341394, 0.005956614509246088, 0.005778805120910384, 0.005689900426742532], [0.1288, 0.1288, 0.1284, 0.12832, 0.1128, 0.11272, 0.11232, 0.11224, 0.00904, 0.00904, 0.0088, 0.00872], [0.1296790479624955, 0.1295347998557519, 0.1285250631085467, 0.1282365668950595, 0.10934006491164804, 0.10926794085827624, 0.10897944464478904, 0.10890732059141724, 0.011900468806346917, 0.011900468806346917, 0.011900468806346917, 0.011828344752975117], [0.12947819314641745, 0.1292834890965732, 0.1292834890965732, 0.12915368639667704, 0.10578920041536864, 0.10578920041536864, 0.10533489096573209, 0.10507528556593977, 0.015251817237798546, 0.015251817237798546, 0.015186915887850467, 0.015122014537902389], [0.12920687220522475, 0.12920687220522475, 0.12903036008472582, 0.12879501059072723, 0.10255354200988467, 0.10249470463638503, 0.10243586726288538, 0.10214168039538715, 0.018592610025888443, 0.018533772652388796, 0.018533772652388796, 0.01847493527888915], [0.12856837378381267, 0.12835453865070032, 0.12814070351758794, 0.12814070351758794, 0.10012830107986742, 0.09996792473003314, 0.09996792473003314, 0.09970063081364268, 0.021811183577461778, 0.021811183577461778, 0.021704266010905592, 0.021704266010905592], [0.12968886304158186, 0.12944654453814095, 0.12915576233401183, 0.12910729863332365, 0.09639430066879907, 0.09634583696811089, 0.09576427255985268, 0.09557041775709993, 0.02471648735097412, 0.024668023650285937, 0.024668023650285937, 0.024474168847533197], [0.12936783142171246, 0.12927891882279718, 0.1290121810260514, 0.12883435582822086, 0.09260247177024984, 0.09260247177024984, 0.09246910287187694, 0.09233573397350404, 0.028452031652885214, 0.02840757535342758, 0.028318662754512315, 0.028318662754512315], [0.1287209682695453, 0.1287209682695453, 0.1286800785083415, 0.12859829898593392, 0.09008014393195944, 0.08999836440955185, 0.08971213608112528, 0.08954857703631011, 0.03168956493294079, 0.03152600588812561, 0.03140333660451423, 0.03132155708210664], [0.12921663117785498, 0.12921663117785498, 0.12917927453397587, 0.12906720460233853, 0.08670477044342337, 0.08663005715566513, 0.08648063058014868, 0.08629384736075311, 0.03455489558818036, 0.03451753894430124, 0.03406925921775188, 0.03406925921775188], [0.12910434932095582, 0.12906996733711534, 0.1290012033694344, 0.12886367543407254, 0.08399518652226233, 0.08396080453842186, 0.08330754684545298, 0.08327316486161251, 0.037373216434588276, 0.037373216434588276, 0.03733883445074781, 0.03733883445074781], [0.12913131568950234, 0.12903634291503102, 0.12875142459161706, 0.12871976700012663, 0.08101177662403444, 0.08101177662403444, 0.08088514625807268, 0.08088514625807268, 0.040236798784348486, 0.040236798784348486, 0.04004685323540585, 0.04004685323540585], [0.12879960288492423, 0.12879960288492423, 0.12874120360907526, 0.1285660057815283, 0.07863462493065086, 0.0785178263789529, 0.07848862674102841, 0.07840102782725494, 0.042894268111075426, 0.042748269921452975, 0.04271907028352848, 0.04268987064560399], [0.12897895050524205, 0.12892476905155364, 0.12873513396364425, 0.12873513396364425, 0.07577276298323084, 0.07571858152954243, 0.07566440007585404, 0.07563730934900983, 0.04562078400563487, 0.045512421098258066, 0.04537696746403706, 0.045322786010348656], [0.1287806350963716, 0.12862966131548487, 0.12862966131548487, 0.12857933672185598, 0.07339841980776005, 0.07334809521413115, 0.07324744602687333, 0.07324744602687333, 0.04813547380604902, 0.04811031150923456, 0.047959337728347845, 0.04793417543153339], [0.1288228976980903, 0.12872951393752627, 0.12851940047625718, 0.12844936265583415, 0.07099500396880983, 0.0709249661483868, 0.07090162020824578, 0.07090162020824578, 0.050497268525003504, 0.05045057664472148, 0.050427230704580474, 0.05038053882429845], [0.12842979519067704, 0.1281688915945558, 0.1281688915945558, 0.12812540766186895, 0.06898725920772275, 0.06892203330869244, 0.06887854937600557, 0.06881332347697526, 0.05289820411358003, 0.0528764621472366, 0.0528764621472366, 0.05285472018089316], [0.12841175994168624, 0.12839151210820443, 0.1281282902729408, 0.12810804243945897, 0.06671661132258848, 0.06669636348910667, 0.06655462865473394, 0.06655462865473394, 0.05521584190491617, 0.05515509840447072, 0.05503361140357982, 0.05503361140357982], [0.12911397190873172, 0.12869808502996277, 0.12816877445698407, 0.12796083101759959, 0.06468931359761054, 0.0644246583111212, 0.06433013856594642, 0.06412219512656193, 0.057241157677838904, 0.057089926085559274, 0.057089926085559274, 0.05707102213652432], [0.12851063829787235, 0.12838652482269503, 0.12828014184397163, 0.1279787234042553, 0.0627659574468085, 0.062446808510638295, 0.06234042553191489, 0.06191489361702128, 0.05950354609929078, 0.05943262411347518, 0.05925531914893617, 0.059184397163120565], [0.12885405747183815, 0.12840479874873126, 0.12823840662906205, 0.12778914790595516, 0.06121566082630327, 0.06118238240236942, 0.06109918634253482, 0.061065907918600976, 0.061049268706634054, 0.06048353549975873, 0.060433617863857966, 0.05980132780911496, 6.655684786768499e-05, 6.655684786768499e-05, 4.991763590076374e-05, 4.991763590076374e-05], [0.3826723841121788, 0.12820432564399512, 0.1274218285392344, 0.06299101693323735, 0.06297536699114213, 0.059485429903909356, 0.05860903314657736, 0.05851513349400607, 0.05762308679457886, 0.00014084947885692822, 0.00014084947885692822, 0.00012519953676171398, 0.00012519953676171398, 0.00010954959466649974, 0.00010954959466649974, 0.00010954959466649974, 9.389965257128549e-05, 9.389965257128549e-05, 9.389965257128549e-05, 7.824971047607123e-05, 6.259976838085699e-05, 6.259976838085699e-05, 6.259976838085699e-05, 4.6949826285642746e-05, 4.6949826285642746e-05], [0.9977295846909139, 0.0002211443482876056, 0.0002211443482876056, 0.00020640139173509856, 0.00020640139173509856, 0.00019165843518259153, 0.00017691547863008447, 0.00017691547863008447, 0.0001474295655250704, 0.00011794365242005631, 0.00011794365242005631, 0.00011794365242005631, 8.845773931504223e-05, 7.37147827625352e-05, 7.37147827625352e-05], [0.9986162042482529, 0.0005396803431813465, 0.0004566525980765239, 6.918978758735211e-05, 5.5351830069881685e-05, 5.5351830069881685e-05, 4.1513872552411265e-05, 4.1513872552411265e-05, 4.1513872552411265e-05, 4.1513872552411265e-05], [0.9992551259098572, 0.00014374763143107301, 0.0001306796649373391, 0.0001176116984436052, 7.840779896240346e-05, 7.840779896240346e-05, 3.920389948120173e-05, 3.920389948120173e-05, 3.920389948120173e-05], [0.9993178886794325, 0.00018603036015477726, 0.00011161821609286635, 7.44121440619109e-05, 4.9608096041273936e-05, 4.9608096041273936e-05, 4.9608096041273936e-05, 4.9608096041273936e-05, 4.9608096041273936e-05], [0.9997170145030068, 8.253743662303974e-05, 8.253743662303974e-05, 4.7164249498879847e-05, 4.7164249498879847e-05], [0.9998423352403262, 4.504707419253119e-05, 4.504707419253119e-05], [0.9999568276993481], [0.9999377496498418, 3.112517507910982e-05, 3.112517507910982e-05], [0.9999900137809823], [1.0], [1.0], [1.0], [1.0], [1.0], [1.0], [1.0], [1.0], [1.0], [1.0], [1.0], [1.0]], "connection_phi": 0.609166, "connection_radii": [[0.2, 0.25, 0.3, 0.35, 0.4, 0.45, 0.5, 0.55, 0.6, 0.65, 0.7, 0.75, 0.8, 0.85, 0.9, 0.95], [0.48, 0.48, 0.48, 0.48, 0.49, 0.49, 0.49, 0.49, 0.49, 0.49, 0.49, 0.49, 0.49, 0.49, 0.49, 0.49]], "min_connection_phi": 0.609166, "proportion_of_high_eps_in_largest_cluster": [0.0, 0.0, 0.0, 0.0, 0.16666666666666666, 0.13414634146341464, 0.13636363636363635, 0.128, 0.12903225806451613, 0.12992125984251968, 0.12962962962962962, 0.12758996728462377, 0.12660393498716851, 0.12881806108897742, 0.1265155508697944, 0.1289622231871472, 0.1269956458635704, 0.12602490130580019, 0.12640449438202248, 0.1268624014022787, 0.12612951807228914, 0.12660699755899105, 0.12814285714285714, 0.1272178180445451, 0.1270656543099598, 0.12799840748482133, 0.12882290184921763, 0.1288, 0.1296790479624955, 0.12947819314641745, 0.12920687220522475, 0.12856837378381267, 0.12968886304158186, 0.12936783142171246, 0.1287209682695453, 0.12921663117785498, 0.12910434932095582, 0.12913131568950234, 0.12879960288492423, 0.12897895050524205, 0.1287806350963716, 0.1288228976980903, 0.12842979519067704, 0.12841175994168624, 0.12911397190873172, 0.12851063829787235, 0.12885405747183815, 0.3826723841121788, 0.9977295846909139, 0.9986162042482529, 0.9992551259098572, 0.9993178886794325, 0.9997170145030068, 0.9998423352403262, 0.9999568276993481, 0.9999377496498418, 0.9999900137809823, 1.0, 1.0, 1.0, 1.0, 1.0, 1.0, 1.0, 1.0, 1.0, 1.0, 1.0, 1.0], "not_tags": ["chiral", "diamond_derivative", "gap_optimized_when_high_eps_connected", "gap_optimized_when_high_eps_touching"], "tags": ["gap_optimized_when_high_eps_disconnected", "gap_optimized_when_high_eps_not_touching"], "void_connection_phi": 0.102036, "kp_labels": ["T", "H_2", "H_0", "L", "GAMMA", "S_0", "S_2", "F", "GAMMA"], "kpoints": [[0.5, 0.5, 0.5], [0.6999927761595212, 0.30000722384047884, 0.5], [0.5, -0.30000722384047884, 0.30000722384047884], [0.5, 0.0, 0.0], [0.0, 0.0, 0.0], [0.4000036119202394, -0.4000036119202394, 0.0], [0.5999963880797605, 0.0, 0.4000036119202394], [0.5, 0.0, 0.5], [0.0, 0.0, 0.0]], "ready": true, "pdos_stored": true}